order_id,customer_id,order_date,status
1,2234,2024-12-22,Delivered
2,292,2025-04-26,Delivered
3,1970,2024-11-08,Delivered
4,779,2024-12-26,Delivered
5,1418,2024-06-28,Delivered
6,574,2024-10-31,Pending
7,2183,2024-11-08,Delivered
8,2831,2025-01-07,Cancelled
9,641,2024-06-21,Delivered
10,2842,2024-07-09,Delivered
11,963,2024-07-15,Delivered
12,1663,2024-08-17,Delivered
13,2111,2024-06-08,Delivered
14,571,2024-04-16,Delivered
15,1327,2024-09-30,Delivered
16,192,2025-04-11,Delivered
17,2094,2024-01-18,Delivered
18,1258,2024-12-29,Delivered
19,2648,2025-03-21,Cancelled
20,792,2025-03-26,Delivered
21,2735,2025-04-10,Delivered
22,381,2024-06-22,Delivered
23,1784,2024-02-25,Delivered
24,902,2025-06-27,Delivered
25,520,2025-01-17,Delivered
26,268,2024-07-14,Delivered
27,1939,2025-04-10,Delivered
28,680,2024-07-12,Cancelled
29,1695,2025-02-13,Delivered
30,2937,2025-06-08,Delivered
31,928,2025-02-23,Cancelled
32,93,2024-12-23,Delivered
33,390,2024-04-14,Delivered
34,331,2025-05-24,Delivered
35,1390,2024-08-20,Delivered
36,2224,2024-12-06,Delivered
37,870,2024-11-30,Delivered
38,395,2024-05-14,Delivered
39,1893,2024-11-25,Delivered
40,884,2024-08-01,Delivered
41,1702,2024-07-09,Delivered
42,2766,2025-04-13,Cancelled
43,849,2025-01-29,Delivered
44,1543,2024-09-24,Delivered
45,2380,2024-01-11,Pending
46,2077,2025-01-22,Delivered
47,2229,2025-02-07,Delivered
48,2281,2024-03-31,Delivered
49,1615,2025-02-17,Cancelled
50,1609,2024-08-06,Delivered
51,2158,2025-02-04,Delivered
52,2095,2025-04-03,Delivered
53,1991,2025-01-17,Delivered
54,1140,2025-05-28,Delivered
55,2453,2024-02-11,Delivered
56,683,2024-06-26,Delivered
57,424,2024-02-02,Delivered
58,1023,2024-04-04,Delivered
59,738,2024-07-22,Delivered
60,1963,2024-01-13,Delivered
61,673,2024-08-04,Delivered
62,1941,2024-03-10,Delivered
63,1546,2024-03-02,Cancelled
64,411,2025-04-01,Delivered
65,750,2025-02-10,Delivered
66,1570,2024-09-05,Delivered
67,2190,2024-11-05,Delivered
68,1200,2024-06-08,Delivered
69,680,2024-09-22,Pending
70,864,2025-02-27,Delivered
71,269,2024-10-11,Delivered
72,58,2025-03-09,Delivered
73,2919,2024-09-21,Delivered
74,271,2024-07-16,Delivered
75,341,2025-05-03,Cancelled
76,2580,2025-05-07,Delivered
77,1963,2024-05-04,Delivered
78,1298,2024-09-09,Pending
79,1918,2025-02-25,Delivered
80,2772,2024-05-22,Delivered
81,283,2025-02-12,Delivered
82,711,2025-05-06,Delivered
83,2542,2024-05-08,Delivered
84,2312,2024-03-24,Delivered
85,2974,2025-05-30,Pending
86,924,2025-06-27,Delivered
87,2822,2025-04-13,Cancelled
88,1022,2024-11-30,Delivered
89,2146,2024-02-16,Delivered
90,2607,2025-05-14,Delivered
91,479,2024-04-18,Delivered
92,595,2024-04-07,Delivered
93,1708,2025-01-26,Delivered
94,2506,2024-07-31,Cancelled
95,226,2025-04-18,Delivered
96,2523,2025-04-21,Delivered
97,1022,2025-03-15,Delivered
98,1224,2025-04-02,Delivered
99,1014,2024-10-25,Delivered
100,2699,2025-04-21,Delivered
101,362,2025-05-14,Delivered
102,1699,2024-06-02,Delivered
103,398,2024-08-20,Delivered
104,2749,2024-12-03,Delivered
105,2357,2025-04-14,Delivered
106,681,2024-07-31,Delivered
107,873,2024-05-22,Delivered
108,1138,2024-06-24,Cancelled
109,1223,2025-03-12,Delivered
110,2422,2024-10-10,Delivered
111,1673,2024-05-19,Delivered
112,1278,2025-01-25,Delivered
113,2159,2024-12-26,Delivered
114,1373,2024-10-10,Delivered
115,353,2024-12-04,Delivered
116,301,2024-05-05,Delivered
117,964,2024-04-09,Delivered
118,1775,2025-03-16,Cancelled
119,373,2025-01-06,Delivered
120,1637,2025-06-17,Delivered
121,786,2025-05-27,Delivered
122,2090,2024-07-17,Delivered
123,67,2024-09-09,Delivered
124,1409,2025-04-08,Delivered
125,143,2024-01-02,Delivered
126,982,2025-04-16,Delivered
127,31,2024-04-01,Delivered
128,1410,2024-05-22,Delivered
129,2259,2024-09-20,Delivered
130,287,2025-01-20,Delivered
131,2200,2024-07-12,Delivered
132,1716,2025-05-27,Delivered
133,1518,2025-03-03,Delivered
134,1759,2025-02-07,Pending
135,1003,2025-02-25,Delivered
136,2134,2024-01-17,Delivered
137,2309,2025-03-25,Delivered
138,2303,2024-11-26,Delivered
139,784,2024-04-11,Cancelled
140,1933,2025-03-01,Delivered
141,398,2024-02-27,Pending
142,1491,2024-12-03,Delivered
143,2,2024-11-06,Delivered
144,560,2024-01-16,Delivered
145,1857,2024-07-23,Cancelled
146,2586,2024-03-06,Cancelled
147,135,2025-05-31,Delivered
148,1663,2025-03-13,Delivered
149,1871,2025-06-27,Delivered
150,2763,2024-09-23,Delivered
151,1936,2024-06-28,Delivered
152,291,2025-06-07,Delivered
153,397,2024-06-16,Delivered
154,1866,2024-08-14,Delivered
155,624,2024-03-14,Delivered
156,2749,2025-03-24,Delivered
157,2719,2024-03-06,Delivered
158,2833,2024-01-20,Delivered
159,859,2025-03-30,Delivered
160,2151,2025-04-04,Delivered
161,1963,2025-04-11,Delivered
162,94,2025-04-14,Delivered
163,769,2024-03-18,Delivered
164,597,2024-07-16,Delivered
165,1107,2025-02-21,Pending
166,2842,2024-06-17,Delivered
167,2512,2025-02-28,Delivered
168,860,2025-05-11,Cancelled
169,1593,2025-06-08,Cancelled
170,558,2025-02-28,Delivered
171,802,2025-03-11,Delivered
172,185,2024-11-22,Delivered
173,1899,2024-02-12,Delivered
174,1941,2024-08-26,Delivered
175,2484,2025-06-04,Delivered
176,2581,2025-05-12,Delivered
177,440,2024-05-10,Delivered
178,2221,2025-02-11,Cancelled
179,371,2024-06-16,Delivered
180,1117,2024-08-15,Pending
181,1552,2024-12-20,Delivered
182,136,2024-09-28,Pending
183,427,2024-11-25,Delivered
184,787,2024-02-23,Delivered
185,349,2024-06-10,Delivered
186,2767,2025-03-18,Delivered
187,841,2024-12-04,Delivered
188,1504,2025-04-04,Delivered
189,2983,2025-06-11,Delivered
190,1675,2024-07-13,Cancelled
191,1244,2024-05-24,Delivered
192,2752,2024-06-18,Delivered
193,644,2024-11-08,Cancelled
194,517,2024-05-17,Delivered
195,1608,2024-08-01,Delivered
196,1277,2024-04-04,Delivered
197,2357,2024-07-29,Delivered
198,112,2025-06-01,Delivered
199,1807,2024-08-19,Delivered
200,2135,2025-02-18,Pending
201,2918,2024-08-23,Delivered
202,395,2024-08-24,Delivered
203,717,2024-12-25,Delivered
204,2764,2024-03-01,Cancelled
205,1856,2024-07-12,Delivered
206,100,2024-03-17,Delivered
207,219,2024-04-18,Delivered
208,2328,2025-01-22,Delivered
209,1679,2024-04-05,Delivered
210,1673,2024-04-20,Delivered
211,2598,2024-11-08,Delivered
212,709,2024-07-08,Delivered
213,442,2024-03-07,Delivered
214,1801,2025-06-06,Delivered
215,2606,2025-05-19,Delivered
216,769,2024-11-13,Pending
217,2039,2024-10-13,Delivered
218,411,2025-03-17,Delivered
219,485,2025-06-15,Delivered
220,2673,2024-02-26,Delivered
221,326,2024-02-23,Delivered
222,54,2024-06-29,Delivered
223,2291,2024-06-15,Pending
224,1089,2025-05-04,Delivered
225,1193,2024-10-04,Delivered
226,2369,2025-03-18,Delivered
227,519,2024-12-30,Delivered
228,1923,2025-01-30,Delivered
229,920,2025-06-06,Delivered
230,294,2024-11-16,Pending
231,2062,2025-02-27,Pending
232,939,2024-05-26,Delivered
233,2565,2024-05-21,Delivered
234,2716,2024-11-15,Delivered
235,2515,2025-05-07,Delivered
236,954,2024-01-28,Delivered
237,686,2024-09-30,Delivered
238,2651,2024-04-20,Delivered
239,1352,2025-04-27,Cancelled
240,2124,2024-10-09,Delivered
241,2453,2024-01-24,Cancelled
242,804,2024-01-02,Delivered
243,330,2024-12-15,Cancelled
244,1838,2024-05-06,Delivered
245,1729,2024-01-23,Delivered
246,787,2024-03-24,Delivered
247,1716,2024-03-25,Delivered
248,2336,2024-07-07,Delivered
249,1045,2025-01-27,Delivered
250,709,2025-04-13,Delivered
251,2175,2024-10-17,Cancelled
252,2328,2025-06-01,Delivered
253,2845,2025-03-08,Delivered
254,398,2024-03-31,Cancelled
255,2635,2025-02-05,Delivered
256,2252,2024-05-06,Cancelled
257,2113,2025-06-09,Delivered
258,919,2025-04-07,Delivered
259,48,2024-02-05,Delivered
260,1529,2024-04-04,Delivered
261,831,2024-08-29,Delivered
262,846,2025-02-08,Delivered
263,2748,2024-10-28,Delivered
264,413,2024-02-16,Delivered
265,2768,2024-12-09,Pending
266,1517,2024-12-19,Pending
267,2484,2025-05-22,Delivered
268,831,2024-05-25,Delivered
269,1864,2024-01-21,Delivered
270,1659,2025-02-13,Delivered
271,2737,2025-01-18,Delivered
272,514,2024-10-10,Delivered
273,593,2025-01-12,Delivered
274,2834,2024-04-07,Delivered
275,275,2024-03-09,Delivered
276,1864,2024-08-07,Cancelled
277,175,2025-05-03,Delivered
278,219,2024-10-07,Delivered
279,1749,2024-12-15,Delivered
280,1642,2025-06-27,Delivered
281,1695,2024-06-14,Delivered
282,1423,2024-09-19,Delivered
283,2217,2025-01-09,Delivered
284,2968,2024-03-23,Delivered
285,796,2024-08-07,Pending
286,958,2024-10-30,Delivered
287,956,2024-06-14,Cancelled
288,2248,2024-04-30,Delivered
289,1034,2024-08-27,Cancelled
290,2019,2025-04-25,Delivered
291,1332,2024-08-15,Delivered
292,1791,2025-03-31,Delivered
293,2453,2025-01-04,Delivered
294,1548,2024-03-11,Delivered
295,1427,2025-05-14,Delivered
296,775,2024-11-17,Delivered
297,1553,2024-11-06,Delivered
298,758,2025-01-15,Delivered
299,2505,2024-01-23,Delivered
300,1162,2024-05-17,Cancelled
301,355,2025-03-09,Delivered
302,703,2024-12-08,Delivered
303,1604,2024-07-31,Delivered
304,2714,2024-09-09,Delivered
305,882,2024-12-04,Delivered
306,768,2024-09-20,Delivered
307,1224,2024-09-06,Delivered
308,2903,2024-10-28,Delivered
309,2511,2024-06-02,Delivered
310,402,2024-11-07,Delivered
311,1801,2025-01-12,Delivered
312,2341,2025-01-22,Delivered
313,2263,2024-12-04,Delivered
314,1466,2024-09-04,Delivered
315,2187,2024-12-23,Delivered
316,1714,2025-01-29,Delivered
317,580,2024-06-18,Delivered
318,152,2024-09-22,Delivered
319,1104,2025-01-05,Delivered
320,178,2024-12-27,Delivered
321,1186,2024-09-27,Delivered
322,2453,2024-05-23,Delivered
323,2507,2025-05-11,Delivered
324,92,2024-10-22,Delivered
325,192,2024-10-22,Delivered
326,1991,2024-09-12,Delivered
327,1504,2025-02-18,Pending
328,400,2024-06-13,Pending
329,2378,2025-05-26,Delivered
330,626,2024-02-04,Delivered
331,224,2024-01-07,Delivered
332,2229,2024-10-05,Delivered
333,1791,2025-04-14,Delivered
334,1183,2024-01-06,Pending
335,2080,2025-01-05,Delivered
336,2698,2024-07-31,Delivered
337,92,2024-01-12,Delivered
338,1850,2024-07-21,Delivered
339,629,2024-12-19,Delivered
340,1424,2024-12-12,Cancelled
341,1273,2025-04-08,Delivered
342,1168,2025-06-23,Delivered
343,547,2024-01-30,Delivered
344,2375,2025-04-13,Delivered
345,1133,2024-01-06,Delivered
346,2623,2025-06-16,Delivered
347,1059,2025-02-26,Delivered
348,2490,2025-06-03,Pending
349,1626,2024-02-06,Delivered
350,1150,2024-02-10,Delivered
351,2119,2025-06-22,Delivered
352,2329,2024-06-02,Delivered
353,1453,2024-07-27,Delivered
354,1273,2024-06-11,Delivered
355,1702,2024-03-26,Cancelled
356,1716,2024-02-08,Delivered
357,1273,2024-03-14,Delivered
358,2229,2025-04-07,Delivered
359,1206,2024-01-15,Delivered
360,1352,2025-05-03,Cancelled
361,1780,2024-04-30,Delivered
362,2952,2024-11-26,Delivered
363,758,2024-05-20,Delivered
364,674,2025-05-01,Delivered
365,505,2024-01-23,Pending
366,2071,2025-01-25,Delivered
367,1339,2025-05-25,Delivered
368,1161,2024-08-28,Delivered
369,592,2024-09-03,Cancelled
370,2647,2024-03-22,Delivered
371,1321,2025-04-24,Delivered
372,1791,2025-06-07,Delivered
373,313,2024-09-28,Delivered
374,304,2025-01-12,Delivered
375,192,2025-02-17,Cancelled
376,1104,2024-07-12,Delivered
377,1422,2024-01-03,Pending
378,716,2024-03-11,Delivered
379,1042,2025-05-04,Cancelled
380,10,2025-03-12,Delivered
381,1048,2024-02-21,Delivered
382,331,2025-03-13,Delivered
383,354,2025-04-27,Delivered
384,6,2024-10-23,Delivered
385,2090,2024-09-03,Delivered
386,2760,2025-06-29,Delivered
387,1820,2025-04-21,Delivered
388,271,2024-07-29,Delivered
389,2963,2024-09-17,Delivered
390,2925,2025-05-29,Delivered
391,1407,2025-05-18,Delivered
392,303,2024-12-10,Delivered
393,2164,2024-12-20,Delivered
394,2881,2025-02-06,Delivered
395,2306,2024-06-06,Delivered
396,1833,2025-05-15,Delivered
397,1798,2024-06-09,Delivered
398,2932,2025-03-29,Delivered
399,208,2025-03-23,Cancelled
400,402,2024-06-06,Delivered
401,2457,2025-03-16,Pending
402,395,2025-04-18,Delivered
403,1145,2024-09-28,Cancelled
404,823,2024-10-21,Cancelled
405,710,2024-10-05,Delivered
406,60,2024-01-25,Pending
407,1675,2024-10-22,Delivered
408,1209,2025-01-02,Delivered
409,1642,2024-11-02,Delivered
410,894,2024-09-29,Delivered
411,2806,2024-09-30,Delivered
412,1737,2024-10-19,Delivered
413,2881,2025-05-22,Delivered
414,1045,2024-08-12,Delivered
415,2,2024-05-02,Delivered
416,2312,2024-02-04,Cancelled
417,2453,2025-04-20,Cancelled
418,165,2024-04-08,Delivered
419,1841,2024-08-15,Cancelled
420,1959,2025-02-17,Delivered
421,395,2024-04-07,Delivered
422,1647,2024-05-07,Delivered
423,710,2024-12-12,Delivered
424,33,2024-12-08,Delivered
425,2565,2024-05-12,Delivered
426,1481,2024-10-22,Pending
427,2313,2025-01-19,Delivered
428,2169,2024-04-30,Cancelled
429,2972,2024-08-30,Delivered
430,1308,2024-06-02,Delivered
431,1277,2025-05-28,Delivered
432,824,2024-07-28,Pending
433,1840,2025-04-12,Delivered
434,1461,2025-04-25,Delivered
435,2181,2024-04-01,Pending
436,1067,2025-05-28,Delivered
437,363,2024-01-27,Delivered
438,2546,2024-07-30,Delivered
439,2453,2024-03-27,Delivered
440,1047,2024-01-26,Delivered
441,2074,2024-10-28,Delivered
442,1482,2024-11-24,Delivered
443,2234,2024-11-13,Delivered
444,1168,2024-08-15,Pending
445,1609,2025-03-05,Delivered
446,162,2024-09-25,Delivered
447,497,2024-10-19,Delivered
448,2313,2024-08-29,Delivered
449,1138,2024-04-23,Delivered
450,94,2024-12-23,Delivered
451,465,2025-03-28,Delivered
452,1244,2024-06-15,Cancelled
453,2154,2024-09-10,Delivered
454,1093,2025-05-02,Delivered
455,2225,2024-04-22,Delivered
456,2538,2024-08-18,Delivered
457,1014,2024-05-27,Delivered
458,2369,2024-07-05,Delivered
459,345,2024-09-07,Delivered
460,1254,2025-05-18,Delivered
461,274,2024-01-07,Cancelled
462,143,2024-07-14,Delivered
463,182,2025-04-17,Delivered
464,294,2024-02-15,Delivered
465,2474,2024-10-03,Delivered
466,1626,2024-03-25,Delivered
467,2830,2024-11-01,Delivered
468,1613,2025-01-25,Pending
469,1852,2024-12-12,Delivered
470,531,2024-11-03,Cancelled
471,1616,2025-02-09,Delivered
472,1149,2024-10-18,Delivered
473,2760,2024-11-30,Delivered
474,2766,2024-02-14,Delivered
475,567,2024-01-12,Delivered
476,1817,2024-03-30,Cancelled
477,1882,2024-10-21,Cancelled
478,1671,2024-08-04,Cancelled
479,339,2024-07-18,Delivered
480,1934,2024-09-01,Cancelled
481,2364,2025-06-24,Pending
482,1023,2024-07-24,Delivered
483,1551,2024-08-30,Delivered
484,319,2024-10-01,Delivered
485,2758,2025-02-26,Delivered
486,309,2025-02-04,Delivered
487,597,2025-06-18,Cancelled
488,876,2024-12-13,Pending
489,2450,2025-06-04,Cancelled
490,2111,2024-11-29,Delivered
491,13,2024-10-20,Delivered
492,527,2024-10-31,Delivered
493,2229,2024-09-19,Delivered
494,1219,2024-04-19,Delivered
495,63,2024-07-19,Pending
496,2890,2024-11-26,Delivered
497,408,2024-11-26,Cancelled
498,1534,2024-03-27,Delivered
499,723,2025-03-14,Delivered
500,2207,2025-01-24,Delivered
501,2302,2024-10-13,Delivered
502,1195,2024-09-03,Cancelled
503,1949,2024-10-31,Delivered
504,2692,2024-11-13,Delivered
505,2416,2024-08-21,Cancelled
506,1252,2025-04-16,Delivered
507,1318,2024-03-27,Delivered
508,2621,2024-07-22,Cancelled
509,93,2024-08-05,Delivered
510,51,2024-02-24,Delivered
511,595,2024-02-18,Delivered
512,2453,2025-05-01,Delivered
513,414,2025-02-26,Delivered
514,831,2024-07-18,Delivered
515,1852,2024-05-25,Delivered
516,530,2024-08-09,Delivered
517,892,2025-01-19,Delivered
518,1402,2024-06-10,Delivered
519,664,2024-02-06,Delivered
520,2969,2024-08-17,Delivered
521,458,2024-11-22,Cancelled
522,2522,2024-10-11,Delivered
523,1412,2024-04-04,Delivered
524,355,2025-04-05,Delivered
525,329,2024-12-10,Delivered
526,1504,2025-01-28,Delivered
527,1055,2025-06-06,Delivered
528,683,2024-10-07,Delivered
529,2872,2024-11-12,Delivered
530,1390,2025-02-21,Delivered
531,2750,2025-02-26,Delivered
532,463,2025-04-07,Delivered
533,527,2025-01-19,Delivered
534,1746,2024-02-01,Delivered
535,787,2024-07-10,Delivered
536,534,2024-11-19,Cancelled
537,269,2024-08-30,Delivered
538,217,2024-01-24,Delivered
539,2229,2024-05-26,Delivered
540,826,2024-06-17,Delivered
541,2932,2024-01-20,Delivered
542,527,2025-02-20,Pending
543,1059,2024-07-25,Delivered
544,1119,2025-03-08,Delivered
545,1504,2025-04-20,Delivered
546,2579,2025-04-27,Delivered
547,2470,2025-05-10,Delivered
548,19,2024-09-29,Cancelled
549,1236,2024-05-12,Delivered
550,2453,2024-02-15,Delivered
551,2,2024-12-06,Cancelled
552,1603,2024-03-10,Delivered
553,750,2024-05-11,Delivered
554,1247,2024-05-13,Delivered
555,1267,2024-05-29,Delivered
556,1172,2024-07-22,Delivered
557,2649,2024-06-29,Cancelled
558,1609,2024-10-14,Delivered
559,2680,2025-06-06,Delivered
560,2179,2024-12-18,Delivered
561,1048,2025-01-04,Delivered
562,1489,2024-03-29,Delivered
563,1166,2024-03-03,Cancelled
564,2453,2024-04-13,Delivered
565,538,2025-04-08,Delivered
566,2780,2024-04-04,Delivered
567,1708,2025-06-21,Delivered
568,1801,2025-02-16,Delivered
569,1556,2025-03-28,Delivered
570,1654,2024-06-13,Cancelled
571,1980,2024-03-26,Delivered
572,1936,2024-04-01,Delivered
573,618,2025-04-13,Delivered
574,1712,2024-08-23,Delivered
575,1059,2024-08-11,Delivered
576,1874,2024-05-15,Delivered
577,1635,2024-07-13,Delivered
578,519,2024-07-20,Cancelled
579,2196,2025-02-13,Delivered
580,1366,2025-03-25,Delivered
581,1642,2024-09-12,Delivered
582,1997,2024-07-01,Delivered
583,1930,2024-09-03,Delivered
584,2229,2024-04-05,Delivered
585,597,2024-02-07,Cancelled
586,313,2024-05-06,Delivered
587,1988,2024-01-14,Delivered
588,683,2024-01-19,Delivered
589,314,2024-05-10,Delivered
590,363,2025-05-07,Delivered
591,917,2024-04-11,Delivered
592,2967,2025-01-15,Delivered
593,428,2024-03-21,Delivered
594,876,2024-09-09,Delivered
595,2720,2024-11-27,Delivered
596,2887,2024-11-02,Delivered
597,667,2025-03-12,Delivered
598,2599,2024-05-18,Delivered
599,379,2025-02-09,Delivered
600,2238,2024-08-08,Cancelled
601,29,2024-08-31,Cancelled
602,1224,2024-06-23,Cancelled
603,722,2025-06-28,Cancelled
604,2119,2025-03-26,Delivered
605,31,2024-09-09,Delivered
606,1396,2025-02-09,Delivered
607,2091,2025-05-14,Delivered
608,122,2024-06-03,Cancelled
609,2667,2024-06-27,Delivered
610,1084,2025-02-20,Delivered
611,465,2024-06-03,Delivered
612,653,2024-02-21,Delivered
613,1010,2024-11-20,Delivered
614,567,2024-04-20,Delivered
615,1535,2024-11-16,Delivered
616,1861,2024-02-28,Delivered
617,1295,2024-09-18,Delivered
618,1277,2024-05-10,Delivered
619,2313,2024-10-15,Delivered
620,884,2024-05-03,Pending
621,1826,2024-05-17,Delivered
622,2652,2025-05-06,Delivered
623,640,2025-06-20,Cancelled
624,1816,2024-06-27,Cancelled
625,2830,2024-12-18,Delivered
626,1592,2024-07-12,Delivered
627,2929,2024-04-02,Delivered
628,913,2024-02-24,Delivered
629,1673,2025-05-01,Delivered
630,915,2024-02-06,Delivered
631,2,2024-09-25,Cancelled
632,2986,2024-04-29,Cancelled
633,703,2025-02-19,Delivered
634,2919,2024-03-14,Pending
635,1930,2024-11-10,Delivered
636,2681,2024-07-07,Delivered
637,2900,2024-10-11,Delivered
638,1681,2024-04-11,Delivered
639,2999,2024-03-04,Delivered
640,2260,2024-04-07,Delivered
641,1579,2024-11-10,Delivered
642,1935,2024-12-19,Delivered
643,560,2025-05-08,Delivered
644,22,2025-05-29,Cancelled
645,746,2025-02-14,Delivered
646,1297,2024-01-07,Delivered
647,664,2025-01-19,Delivered
648,1548,2025-01-20,Delivered
649,1946,2025-01-20,Cancelled
650,1939,2024-12-25,Delivered
651,2658,2025-01-10,Delivered
652,2898,2024-11-15,Pending
653,2643,2024-12-04,Delivered
654,1817,2025-01-12,Delivered
655,595,2024-01-24,Delivered
656,2817,2024-10-04,Delivered
657,497,2024-03-10,Delivered
658,410,2025-05-21,Delivered
659,933,2025-06-24,Delivered
660,1697,2024-03-27,Delivered
661,2041,2025-05-01,Delivered
662,31,2024-09-15,Delivered
663,2303,2025-01-02,Delivered
664,497,2024-12-22,Pending
665,870,2024-03-05,Delivered
666,953,2025-05-11,Delivered
667,988,2024-12-15,Delivered
668,2232,2024-09-23,Cancelled
669,105,2024-12-01,Delivered
670,563,2025-06-17,Delivered
671,48,2024-12-19,Delivered
672,2303,2024-12-24,Delivered
673,2945,2025-04-23,Pending
674,1953,2025-01-16,Delivered
675,1729,2024-03-19,Delivered
676,2692,2025-03-22,Delivered
677,738,2025-05-06,Cancelled
678,190,2025-02-04,Delivered
679,1533,2024-03-24,Delivered
680,756,2024-10-12,Delivered
681,1344,2024-01-30,Cancelled
682,1362,2025-02-25,Delivered
683,940,2025-06-06,Delivered
684,1461,2024-01-20,Delivered
685,1136,2024-02-29,Pending
686,313,2025-05-24,Delivered
687,2565,2025-03-12,Delivered
688,2111,2025-03-25,Delivered
689,108,2024-04-23,Cancelled
690,319,2024-12-14,Delivered
691,271,2025-03-28,Delivered
692,178,2024-02-07,Cancelled
693,166,2024-06-03,Delivered
694,428,2024-06-10,Delivered
695,2514,2024-10-22,Delivered
696,2453,2024-05-18,Cancelled
697,2317,2024-07-05,Delivered
698,1801,2024-05-20,Delivered
699,2172,2024-02-04,Cancelled
700,2210,2025-01-01,Cancelled
701,2635,2024-12-14,Delivered
702,2189,2025-04-23,Delivered
703,2202,2024-11-10,Delivered
704,2375,2025-01-07,Delivered
705,1659,2024-07-15,Delivered
706,611,2024-07-31,Cancelled
707,246,2024-08-13,Delivered
708,1265,2025-06-13,Delivered
709,259,2024-09-14,Delivered
710,471,2025-04-15,Cancelled
711,54,2024-06-24,Delivered
712,880,2025-01-09,Delivered
713,2911,2024-05-29,Delivered
714,1130,2024-08-05,Pending
715,708,2025-04-13,Delivered
716,1217,2025-01-08,Delivered
717,884,2024-09-22,Cancelled
718,2007,2024-08-10,Delivered
719,1864,2025-03-12,Delivered
720,65,2024-03-25,Delivered
721,1537,2025-04-08,Delivered
722,96,2024-12-03,Delivered
723,2022,2024-06-28,Delivered
724,2777,2025-01-16,Delivered
725,2692,2025-06-25,Cancelled
726,595,2024-07-09,Delivered
727,2219,2024-08-02,Delivered
728,2346,2025-05-22,Delivered
729,2560,2024-07-07,Delivered
730,751,2025-04-11,Pending
731,1343,2025-05-06,Delivered
732,640,2024-11-14,Delivered
733,54,2024-02-14,Delivered
734,1950,2024-02-02,Delivered
735,1286,2024-06-02,Delivered
736,722,2024-01-10,Delivered
737,2513,2025-02-20,Cancelled
738,1491,2024-12-15,Delivered
739,2976,2024-09-05,Delivered
740,2348,2025-03-20,Delivered
741,2577,2024-03-13,Cancelled
742,2281,2024-09-30,Delivered
743,296,2024-07-03,Delivered
744,185,2024-01-13,Cancelled
745,2709,2024-09-18,Cancelled
746,376,2024-03-20,Delivered
747,1172,2024-01-26,Delivered
748,1798,2024-04-25,Delivered
749,609,2024-04-16,Delivered
750,652,2024-12-08,Delivered
751,1400,2025-03-08,Delivered
752,1081,2024-09-22,Delivered
753,2019,2024-12-16,Delivered
754,215,2024-02-25,Delivered
755,1466,2025-03-05,Cancelled
756,493,2024-09-30,Delivered
757,1783,2024-08-21,Delivered
758,319,2025-04-19,Pending
759,565,2024-06-20,Delivered
760,2375,2024-08-27,Delivered
761,683,2025-05-20,Delivered
762,2205,2024-03-22,Delivered
763,789,2024-10-11,Delivered
764,683,2024-11-11,Delivered
765,877,2025-01-17,Delivered
766,2602,2025-05-22,Delivered
767,1194,2024-07-06,Cancelled
768,711,2024-03-04,Delivered
769,1609,2024-08-05,Delivered
770,1150,2024-03-26,Cancelled
771,2336,2025-02-01,Delivered
772,2966,2024-11-05,Delivered
773,1581,2025-02-17,Delivered
774,1347,2024-07-04,Delivered
775,1022,2025-06-05,Delivered
776,2919,2025-05-03,Pending
777,1454,2025-05-15,Delivered
778,509,2025-01-24,Delivered
779,2909,2024-04-12,Cancelled
780,2881,2024-03-21,Delivered
781,1297,2025-06-06,Delivered
782,1035,2025-04-20,Delivered
783,2035,2025-04-25,Delivered
784,2453,2024-12-16,Delivered
785,1499,2025-04-12,Delivered
786,982,2024-09-26,Delivered
787,884,2024-03-29,Delivered
788,966,2024-05-20,Delivered
789,328,2025-04-09,Cancelled
790,2306,2024-12-20,Delivered
791,294,2025-06-28,Pending
792,1201,2025-05-05,Delivered
793,2470,2025-02-18,Delivered
794,1220,2024-01-22,Delivered
795,861,2024-04-11,Delivered
796,2831,2024-07-23,Delivered
797,344,2024-01-20,Delivered
798,2614,2025-05-25,Delivered
799,178,2024-05-04,Pending
800,1248,2024-07-28,Delivered
801,1857,2025-01-03,Delivered
802,1104,2024-01-20,Pending
803,1604,2024-12-13,Delivered
804,591,2024-02-25,Delivered
805,1685,2025-05-07,Delivered
806,371,2025-01-12,Delivered
807,2353,2024-07-02,Delivered
808,1716,2025-01-17,Delivered
809,1453,2024-06-20,Delivered
810,149,2024-03-03,Delivered
811,1503,2024-01-06,Delivered
812,1673,2024-04-29,Delivered
813,769,2025-01-21,Delivered
814,2022,2024-11-03,Delivered
815,219,2024-05-29,Delivered
816,597,2025-01-09,Cancelled
817,2207,2024-07-31,Cancelled
818,398,2024-03-26,Cancelled
819,717,2025-01-05,Delivered
820,1926,2024-09-06,Delivered
821,2181,2024-12-28,Delivered
822,141,2024-11-02,Delivered
823,344,2024-02-25,Cancelled
824,1332,2024-01-28,Delivered
825,1738,2024-02-24,Delivered
826,1354,2024-05-02,Delivered
827,1915,2024-05-02,Delivered
828,2229,2025-05-16,Delivered
829,2834,2025-03-03,Cancelled
830,1044,2025-04-25,Delivered
831,456,2024-09-15,Cancelled
832,767,2024-06-25,Delivered
833,398,2024-08-07,Delivered
834,1183,2025-04-18,Delivered
835,2582,2024-07-13,Delivered
836,1030,2024-12-11,Delivered
837,399,2024-03-19,Delivered
838,1574,2025-06-19,Delivered
839,2967,2024-12-16,Delivered
840,540,2025-06-11,Delivered
841,2303,2024-06-09,Delivered
842,2449,2024-12-02,Delivered
843,1209,2024-05-29,Delivered
844,1813,2024-09-12,Delivered
845,1291,2024-06-25,Pending
846,758,2024-03-18,Delivered
847,1273,2024-08-29,Delivered
848,269,2024-10-16,Delivered
849,2120,2024-03-26,Delivered
850,2453,2024-08-05,Delivered
851,901,2024-02-21,Delivered
852,1675,2024-12-18,Delivered
853,677,2024-06-19,Cancelled
854,349,2024-02-18,Delivered
855,1963,2024-10-07,Delivered
856,369,2025-03-31,Delivered
857,2313,2025-06-25,Delivered
858,787,2025-06-12,Delivered
859,2427,2024-04-04,Delivered
860,1104,2024-04-24,Delivered
861,1104,2025-05-02,Delivered
862,2229,2024-12-11,Delivered
863,1533,2024-10-23,Delivered
864,577,2025-03-13,Delivered
865,2522,2024-02-05,Delivered
866,1014,2024-10-29,Delivered
867,291,2024-11-08,Delivered
868,1258,2025-05-25,Delivered
869,1697,2024-09-12,Delivered
870,1798,2024-10-06,Delivered
871,2473,2025-03-13,Delivered
872,1620,2024-05-27,Delivered
873,646,2024-02-08,Delivered
874,758,2024-09-14,Delivered
875,289,2024-11-29,Delivered
876,2200,2024-09-23,Delivered
877,296,2025-01-20,Delivered
878,1782,2024-05-18,Delivered
879,1748,2024-01-08,Delivered
880,2328,2025-03-05,Pending
881,214,2025-04-09,Delivered
882,588,2024-12-03,Delivered
883,2693,2024-06-20,Delivered
884,1695,2024-07-21,Cancelled
885,1373,2024-09-18,Delivered
886,2229,2024-08-18,Delivered
887,2675,2024-05-02,Delivered
888,761,2024-07-21,Delivered
889,2673,2024-06-11,Cancelled
890,307,2024-09-01,Delivered
891,2931,2024-07-24,Delivered
892,465,2024-10-15,Pending
893,771,2025-03-16,Delivered
894,271,2024-06-29,Cancelled
895,2375,2024-02-01,Delivered
896,2945,2025-03-22,Delivered
897,871,2024-04-11,Delivered
898,964,2025-05-21,Delivered
899,811,2024-10-15,Delivered
900,424,2024-10-12,Delivered
901,2330,2024-08-11,Delivered
902,175,2025-01-23,Delivered
903,2903,2024-12-22,Delivered
904,2749,2025-05-23,Delivered
905,329,2024-01-10,Delivered
906,1592,2024-04-14,Delivered
907,2970,2024-05-31,Delivered
908,2524,2024-04-13,Pending
909,2146,2025-06-01,Pending
910,50,2024-02-09,Delivered
911,192,2024-03-07,Delivered
912,2352,2024-08-29,Delivered
913,1125,2024-05-24,Delivered
914,1984,2024-06-29,Delivered
915,2213,2024-11-25,Pending
916,1273,2024-11-02,Delivered
917,391,2025-04-16,Delivered
918,1156,2024-09-03,Delivered
919,2580,2025-05-26,Cancelled
920,982,2024-04-13,Delivered
921,178,2024-04-16,Delivered
922,2873,2024-08-01,Delivered
923,2036,2024-03-04,Cancelled
924,1617,2024-01-16,Delivered
925,2453,2024-07-21,Delivered
926,1242,2024-10-20,Delivered
927,2949,2024-05-31,Delivered
928,2535,2024-05-27,Delivered
929,819,2024-02-23,Delivered
930,1108,2024-03-02,Delivered
931,796,2025-04-27,Delivered
932,1951,2024-02-05,Delivered
933,1890,2025-01-18,Delivered
934,1574,2025-01-25,Delivered
935,2898,2024-04-20,Delivered
936,1419,2024-05-15,Delivered
937,2319,2024-07-19,Delivered
938,1947,2024-12-25,Delivered
939,1559,2024-01-21,Delivered
940,112,2025-03-21,Pending
941,1944,2024-07-05,Delivered
942,1899,2024-09-29,Delivered
943,340,2025-05-11,Delivered
944,2352,2024-03-13,Delivered
945,1402,2025-06-01,Delivered
946,960,2024-12-01,Cancelled
947,2450,2024-08-21,Delivered
948,1022,2024-02-09,Delivered
949,1822,2024-02-06,Delivered
950,1807,2025-03-22,Delivered
951,143,2024-08-07,Delivered
952,1273,2025-02-19,Delivered
953,644,2025-03-30,Delivered
954,572,2024-08-07,Delivered
955,1935,2024-06-21,Delivered
956,24,2024-05-26,Cancelled
957,2909,2024-12-13,Delivered
958,1187,2025-01-22,Cancelled
959,877,2024-07-09,Delivered
960,2719,2024-11-05,Delivered
961,1461,2024-10-21,Delivered
962,1801,2024-03-20,Delivered
963,2090,2024-10-14,Delivered
964,2581,2025-02-18,Delivered
965,359,2025-06-09,Delivered
966,236,2024-07-01,Cancelled
967,2972,2024-05-10,Delivered
968,18,2025-05-03,Delivered
969,2127,2025-05-17,Cancelled
970,1799,2025-03-28,Delivered
971,1647,2024-07-02,Cancelled
972,2328,2024-05-30,Delivered
973,2969,2024-12-07,Delivered
974,123,2024-05-19,Delivered
975,1801,2025-02-24,Delivered
976,2151,2024-08-05,Delivered
977,897,2024-06-27,Delivered
978,2651,2025-03-15,Delivered
979,1366,2024-07-12,Delivered
980,465,2024-03-12,Delivered
981,2529,2025-03-10,Delivered
982,2813,2024-06-21,Delivered
983,284,2024-12-23,Delivered
984,2229,2024-12-25,Delivered
985,621,2024-02-15,Cancelled
986,11,2024-01-19,Delivered
987,757,2025-03-23,Delivered
988,2529,2024-01-31,Cancelled
989,381,2024-06-30,Delivered
990,360,2025-02-20,Delivered
991,2213,2024-04-07,Delivered
992,1224,2024-10-12,Delivered
993,398,2024-03-04,Delivered
994,672,2024-10-31,Cancelled
995,2352,2025-01-24,Delivered
996,1829,2024-05-15,Delivered
997,2234,2024-06-02,Delivered
998,274,2024-10-17,Cancelled
999,1373,2025-03-08,Delivered
1000,2357,2024-10-24,Delivered
1001,770,2025-01-18,Delivered
1002,470,2024-08-13,Delivered
1003,1138,2024-03-11,Delivered
1004,990,2025-06-10,Cancelled
1005,535,2025-03-10,Delivered
1006,2845,2024-01-27,Delivered
1007,1454,2024-05-30,Cancelled
1008,1791,2024-08-14,Pending
1009,333,2024-02-14,Cancelled
1010,1798,2025-04-13,Delivered
1011,1656,2024-04-04,Pending
1012,2762,2024-04-22,Delivered
1013,1246,2024-06-21,Cancelled
1014,2313,2025-05-25,Delivered
1015,893,2024-05-03,Delivered
1016,1703,2024-08-20,Delivered
1017,2748,2025-01-07,Delivered
1018,1839,2024-03-26,Delivered
1019,2135,2024-02-18,Cancelled
1020,2593,2024-02-20,Delivered
1021,2743,2024-04-10,Cancelled
1022,597,2024-06-27,Delivered
1023,561,2025-05-28,Delivered
1024,1638,2025-05-17,Delivered
1025,2979,2024-11-06,Delivered
1026,1473,2025-05-27,Delivered
1027,982,2024-01-16,Delivered
1028,1612,2024-11-03,Cancelled
1029,182,2024-08-30,Delivered
1030,507,2024-03-05,Delivered
1031,399,2024-10-29,Delivered
1032,65,2024-09-06,Delivered
1033,2166,2025-02-20,Cancelled
1034,963,2024-08-16,Delivered
1035,465,2024-08-22,Cancelled
1036,1541,2024-05-06,Delivered
1037,958,2024-09-14,Delivered
1038,1175,2024-02-11,Delivered
1039,926,2024-11-05,Delivered
1040,2,2024-07-27,Delivered
1041,2067,2024-05-29,Delivered
1042,313,2024-07-22,Delivered
1043,633,2025-05-01,Pending
1044,547,2025-01-19,Cancelled
1045,982,2025-04-10,Delivered
1046,442,2024-08-03,Delivered
1047,1030,2024-08-02,Pending
1048,710,2024-01-08,Delivered
1049,176,2025-01-07,Delivered
1050,2579,2024-01-11,Delivered
1051,897,2025-06-14,Delivered
1052,269,2025-01-10,Delivered
1053,1569,2024-09-11,Delivered
1054,337,2024-12-26,Delivered
1055,2281,2025-06-26,Delivered
1056,177,2024-03-28,Delivered
1057,1394,2025-02-11,Delivered
1058,2818,2025-04-17,Cancelled
1059,436,2024-11-16,Delivered
1060,580,2024-12-27,Delivered
1061,1764,2024-10-03,Delivered
1062,2939,2024-03-25,Delivered
1063,1151,2025-06-19,Delivered
1064,1917,2024-06-06,Delivered
1065,411,2024-07-29,Delivered
1066,1895,2025-06-15,Delivered
1067,738,2024-01-31,Delivered
1068,1801,2024-08-10,Delivered
1069,254,2024-10-30,Delivered
1070,1581,2024-05-09,Cancelled
1071,689,2024-12-31,Delivered
1072,2041,2024-10-13,Delivered
1073,2229,2024-05-23,Delivered
1074,2514,2024-04-22,Delivered
1075,2969,2024-06-05,Delivered
1076,1373,2025-03-08,Delivered
1077,1991,2024-10-11,Cancelled
1078,36,2025-03-09,Cancelled
1079,2686,2025-01-27,Cancelled
1080,1801,2025-03-13,Delivered
1081,1271,2025-04-11,Delivered
1082,1296,2024-12-03,Delivered
1083,2229,2024-07-15,Delivered
1084,2466,2025-01-13,Delivered
1085,2381,2025-05-30,Delivered
1086,1535,2024-06-24,Delivered
1087,1108,2024-09-23,Delivered
1088,2824,2025-04-24,Delivered
1089,1864,2024-11-22,Delivered
1090,1626,2024-03-19,Cancelled
1091,1751,2024-07-10,Delivered
1092,1852,2024-05-18,Delivered
1093,2141,2024-09-17,Pending
1094,1650,2025-06-26,Delivered
1095,2591,2025-04-03,Cancelled
1096,2542,2025-06-08,Delivered
1097,1321,2025-02-08,Pending
1098,465,2024-10-04,Delivered
1099,1702,2024-12-26,Delivered
1100,1818,2024-09-29,Delivered
1101,1579,2024-01-23,Delivered
1102,2641,2024-03-04,Delivered
1103,265,2024-10-29,Delivered
1104,837,2024-12-26,Pending
1105,2565,2024-05-18,Delivered
1106,2795,2024-01-17,Delivered
1107,1273,2024-02-08,Delivered
1108,559,2024-06-20,Delivered
1109,1267,2025-04-15,Delivered
1110,1361,2024-08-16,Delivered
1111,1564,2025-06-15,Delivered
1112,793,2025-05-03,Delivered
1113,916,2025-04-13,Delivered
1114,1939,2025-06-12,Delivered
1115,1822,2024-05-12,Delivered
1116,1959,2025-06-15,Pending
1117,1127,2025-05-19,Delivered
1118,1005,2025-03-12,Delivered
1119,1048,2024-04-15,Pending
1120,2836,2024-06-07,Delivered
1121,1186,2024-12-22,Delivered
1122,1783,2024-01-25,Cancelled
1123,1576,2025-03-24,Delivered
1124,2594,2024-08-20,Delivered
1125,1104,2024-01-12,Delivered
1126,1296,2024-06-11,Delivered
1127,2503,2024-08-03,Delivered
1128,446,2024-12-23,Delivered
1129,1740,2024-11-24,Delivered
1130,1207,2024-07-21,Delivered
1131,2950,2024-12-04,Delivered
1132,2165,2025-05-01,Delivered
1133,21,2024-07-10,Delivered
1134,2490,2024-07-23,Delivered
1135,2118,2024-02-25,Delivered
1136,1668,2024-07-25,Delivered
1137,683,2024-06-04,Delivered
1138,400,2025-02-18,Delivered
1139,1852,2024-03-02,Pending
1140,1312,2024-11-18,Delivered
1141,2543,2025-02-25,Delivered
1142,758,2024-05-19,Pending
1143,1878,2024-02-06,Delivered
1144,726,2025-01-04,Delivered
1145,1868,2024-11-17,Delivered
1146,130,2024-11-03,Delivered
1147,1172,2025-04-25,Delivered
1148,486,2024-02-26,Delivered
1149,1783,2024-04-17,Delivered
1150,931,2024-09-12,Delivered
1151,2278,2024-11-02,Delivered
1152,314,2025-05-16,Delivered
1153,1659,2024-12-03,Cancelled
1154,1739,2024-04-25,Cancelled
1155,48,2025-04-10,Delivered
1156,95,2024-08-14,Delivered
1157,904,2025-04-19,Delivered
1158,1797,2024-05-30,Delivered
1159,2885,2025-03-08,Cancelled
1160,255,2024-10-20,Delivered
1161,2118,2024-10-30,Delivered
1162,2080,2025-06-16,Delivered
1163,1989,2024-03-25,Cancelled
1164,1554,2024-06-18,Delivered
1165,2898,2024-04-09,Delivered
1166,1506,2025-03-30,Delivered
1167,2484,2025-04-09,Delivered
1168,758,2025-04-02,Cancelled
1169,2379,2024-05-10,Delivered
1170,2983,2024-05-21,Delivered
1171,2693,2024-08-07,Delivered
1172,893,2025-02-25,Delivered
1173,2512,2025-02-14,Delivered
1174,269,2025-06-23,Delivered
1175,2022,2025-03-04,Delivered
1176,1018,2025-06-04,Delivered
1177,1949,2024-05-25,Delivered
1178,1246,2024-11-26,Pending
1179,18,2024-10-18,Delivered
1180,673,2024-03-23,Delivered
1181,113,2025-06-01,Cancelled
1182,1277,2024-03-06,Delivered
1183,2491,2025-04-11,Delivered
1184,2209,2024-05-25,Cancelled
1185,2333,2024-04-30,Delivered
1186,2380,2024-11-24,Delivered
1187,1111,2024-09-12,Delivered
1188,1522,2024-07-29,Delivered
1189,1532,2025-05-08,Delivered
1190,313,2025-01-16,Delivered
1191,1750,2024-11-28,Delivered
1192,2162,2025-03-06,Delivered
1193,1798,2025-03-14,Delivered
1194,2228,2024-04-08,Delivered
1195,330,2024-08-28,Cancelled
1196,2237,2025-05-09,Delivered
1197,597,2025-03-20,Delivered
1198,2597,2024-02-03,Delivered
1199,716,2024-05-14,Delivered
1200,1482,2024-05-24,Delivered
1201,1462,2024-10-07,Delivered
1202,781,2025-03-20,Delivered
1203,1086,2024-09-20,Delivered
1204,535,2024-04-10,Delivered
1205,1688,2024-10-31,Delivered
1206,2705,2024-04-30,Delivered
1207,931,2025-01-05,Delivered
1208,1531,2025-06-16,Pending
1209,2544,2024-12-11,Cancelled
1210,1350,2025-05-13,Delivered
1211,2457,2024-10-24,Cancelled
1212,1333,2025-03-19,Delivered
1213,1313,2025-05-28,Delivered
1214,428,2024-04-04,Delivered
1215,341,2024-12-29,Pending
1216,1799,2024-05-19,Delivered
1217,2453,2024-02-16,Delivered
1218,376,2024-05-08,Delivered
1219,2693,2024-03-18,Delivered
1220,1072,2024-04-13,Delivered
1221,1273,2024-01-04,Delivered
1222,2662,2025-06-13,Delivered
1223,2667,2024-08-28,Delivered
1224,1581,2024-03-31,Pending
1225,799,2024-07-06,Delivered
1226,485,2025-02-11,Cancelled
1227,787,2024-12-11,Delivered
1228,2312,2024-01-28,Delivered
1229,962,2024-03-21,Delivered
1230,2086,2024-10-23,Delivered
1231,561,2025-06-13,Delivered
1232,1438,2024-02-08,Delivered
1233,1051,2025-04-15,Delivered
1234,1517,2024-02-03,Delivered
1235,1688,2024-09-27,Pending
1236,2967,2024-05-05,Delivered
1237,2670,2024-08-19,Delivered
1238,2090,2025-05-20,Delivered
1239,417,2024-04-27,Delivered
1240,2716,2024-12-14,Delivered
1241,2650,2024-06-30,Delivered
1242,2621,2024-12-21,Delivered
1243,1439,2024-01-30,Delivered
1244,479,2024-06-11,Delivered
1245,2229,2025-06-06,Delivered
1246,1161,2025-01-30,Delivered
1247,1023,2025-05-26,Delivered
1248,1170,2025-01-07,Delivered
1249,1663,2024-04-11,Delivered
1250,993,2024-09-09,Delivered
1251,2073,2025-04-24,Delivered
1252,1916,2025-01-07,Delivered
1253,1533,2024-10-11,Delivered
1254,148,2025-04-18,Delivered
1255,2780,2024-03-03,Cancelled
1256,1245,2025-06-08,Delivered
1257,1339,2024-03-09,Delivered
1258,1361,2025-06-28,Cancelled
1259,1098,2025-03-15,Delivered
1260,2013,2024-09-23,Delivered
1261,31,2024-09-17,Delivered
1262,2585,2024-01-18,Delivered
1263,291,2024-06-22,Delivered
1264,2999,2024-05-05,Delivered
1265,1851,2025-01-20,Cancelled
1266,190,2024-04-17,Pending
1267,1670,2025-03-16,Delivered
1268,982,2024-06-13,Cancelled
1269,2842,2025-04-09,Delivered
1270,2229,2024-07-15,Pending
1271,1528,2025-02-14,Delivered
1272,1281,2024-12-31,Delivered
1273,2979,2025-06-24,Delivered
1274,1979,2024-10-14,Delivered
1275,1547,2024-07-11,Delivered
1276,1198,2024-12-20,Delivered
1277,962,2024-01-17,Delivered
1278,2119,2025-06-14,Cancelled
1279,1722,2025-01-05,Delivered
1280,2514,2024-01-27,Delivered
1281,1651,2024-04-04,Pending
1282,1711,2024-01-08,Delivered
1283,1434,2024-12-30,Delivered
1284,2242,2024-12-29,Delivered
1285,1253,2024-03-29,Delivered
1286,2523,2024-10-25,Delivered
1287,967,2024-09-24,Delivered
1288,2079,2024-09-20,Delivered
1289,2652,2024-12-03,Delivered
1290,2266,2025-04-10,Delivered
1291,1021,2025-05-14,Delivered
1292,2119,2024-03-27,Delivered
1293,597,2025-05-30,Delivered
1294,163,2024-11-09,Delivered
1295,2341,2024-04-08,Delivered
1296,2382,2025-05-23,Delivered
1297,53,2024-07-20,Delivered
1298,2830,2024-08-31,Delivered
1299,1332,2025-06-12,Delivered
1300,2687,2024-11-12,Delivered
1301,2332,2024-03-19,Delivered
1302,2671,2024-02-08,Delivered
1303,2466,2025-03-23,Delivered
1304,2922,2024-07-09,Delivered
1305,1852,2024-02-24,Delivered
1306,661,2024-01-23,Cancelled
1307,1165,2025-05-31,Cancelled
1308,2229,2024-11-08,Delivered
1309,428,2024-10-13,Delivered
1310,2752,2024-11-18,Delivered
1311,595,2024-08-16,Delivered
1312,2593,2025-06-03,Delivered
1313,1454,2024-11-24,Delivered
1314,2495,2024-12-14,Delivered
1315,2871,2025-05-02,Delivered
1316,1273,2024-01-02,Cancelled
1317,2090,2024-06-23,Delivered
1318,657,2025-03-30,Delivered
1319,2372,2024-02-22,Delivered
1320,2435,2024-06-28,Cancelled
1321,865,2024-03-30,Cancelled
1322,54,2025-01-24,Delivered
1323,1285,2025-04-05,Delivered
1324,474,2024-05-24,Delivered
1325,2427,2025-01-10,Delivered
1326,758,2025-02-19,Delivered
1327,2818,2025-05-09,Delivered
1328,2918,2025-05-21,Delivered
1329,2692,2024-09-05,Delivered
1330,1759,2024-02-13,Delivered
1331,778,2025-02-10,Cancelled
1332,2380,2024-10-24,Pending
1333,2111,2024-09-07,Delivered
1334,2929,2024-10-22,Delivered
1335,1127,2024-12-17,Delivered
1336,165,2024-06-05,Pending
1337,2994,2024-06-28,Delivered
1338,2484,2024-07-05,Delivered
1339,639,2024-09-26,Delivered
1340,2175,2025-01-04,Delivered
1341,2,2024-01-23,Delivered
1342,1663,2024-06-08,Delivered
1343,1089,2025-02-01,Delivered
1344,1138,2024-01-17,Cancelled
1345,716,2025-03-10,Delivered
1346,794,2025-02-23,Delivered
1347,1357,2024-06-23,Delivered
1348,722,2024-12-07,Delivered
1349,1400,2024-09-24,Delivered
1350,1702,2024-05-16,Delivered
1351,2135,2024-03-22,Delivered
1352,2021,2025-06-09,Pending
1353,709,2025-04-14,Delivered
1354,103,2025-05-05,Delivered
1355,2463,2024-03-17,Delivered
1356,2582,2025-06-10,Cancelled
1357,2935,2024-12-07,Delivered
1358,2876,2024-10-06,Delivered
1359,1864,2024-07-05,Delivered
1360,2661,2024-05-08,Delivered
1361,1336,2024-06-26,Delivered
1362,2330,2024-04-04,Delivered
1363,2854,2025-03-07,Delivered
1364,2354,2025-06-01,Delivered
1365,1255,2025-06-12,Delivered
1366,1127,2025-05-01,Delivered
1367,852,2024-03-13,Pending
1368,1103,2025-02-08,Delivered
1369,2436,2025-04-13,Delivered
1370,2111,2024-10-05,Delivered
1371,731,2024-10-31,Delivered
1372,2137,2024-07-28,Delivered
1373,1133,2025-03-25,Pending
1374,1663,2025-01-19,Delivered
1375,1106,2024-12-09,Delivered
1376,1569,2024-01-06,Delivered
1377,2182,2025-06-08,Delivered
1378,2185,2024-10-13,Delivered
1379,2229,2025-06-05,Delivered
1380,1172,2025-01-05,Delivered
1381,2074,2024-10-11,Delivered
1382,695,2025-02-15,Delivered
1383,1434,2024-05-14,Delivered
1384,1713,2024-09-03,Delivered
1385,2060,2024-01-14,Delivered
1386,2702,2025-02-10,Delivered
1387,894,2024-06-25,Delivered
1388,2512,2024-02-22,Delivered
1389,915,2025-03-10,Pending
1390,1643,2024-05-07,Delivered
1391,2453,2024-05-02,Delivered
1392,2170,2024-03-19,Delivered
1393,2550,2024-11-25,Delivered
1394,2416,2024-07-04,Delivered
1395,797,2024-11-07,Delivered
1396,2970,2024-07-06,Delivered
1397,2782,2025-02-15,Delivered
1398,1283,2024-07-23,Pending
1399,125,2025-03-08,Delivered
1400,892,2024-09-11,Delivered
1401,2477,2024-01-09,Delivered
1402,2835,2024-08-26,Delivered
1403,2459,2024-05-13,Delivered
1404,1193,2024-09-24,Delivered
1405,156,2024-03-09,Delivered
1406,1557,2025-02-14,Cancelled
1407,1125,2024-12-06,Delivered
1408,337,2024-03-18,Delivered
1409,296,2025-06-18,Delivered
1410,413,2024-07-10,Delivered
1411,595,2024-04-24,Delivered
1412,2229,2024-01-01,Delivered
1413,1138,2024-05-14,Delivered
1414,1302,2024-01-16,Delivered
1415,1751,2024-09-20,Delivered
1416,2878,2024-11-27,Delivered
1417,2229,2024-07-21,Cancelled
1418,1911,2025-04-23,Delivered
1419,2223,2025-06-11,Delivered
1420,2159,2024-06-16,Delivered
1421,2073,2024-12-14,Delivered
1422,1491,2024-08-07,Delivered
1423,1675,2024-05-29,Delivered
1424,1380,2024-04-24,Delivered
1425,1186,2024-10-11,Delivered
1426,787,2024-03-18,Delivered
1427,1060,2025-01-02,Delivered
1428,1279,2025-04-27,Delivered
1429,1705,2024-07-20,Delivered
1430,1503,2024-11-08,Delivered
1431,303,2025-06-16,Delivered
1432,1014,2025-01-19,Delivered
1433,1125,2024-08-08,Delivered
1434,2120,2025-04-26,Delivered
1435,988,2024-01-24,Delivered
1436,15,2024-11-17,Delivered
1437,245,2024-05-17,Delivered
1438,1492,2024-04-08,Delivered
1439,542,2024-10-09,Delivered
1440,1490,2025-01-24,Delivered
1441,1699,2025-02-07,Cancelled
1442,2766,2025-02-12,Delivered
1443,1939,2024-06-06,Delivered
1444,84,2024-08-14,Pending
1445,1138,2024-03-02,Delivered
1446,2348,2024-12-02,Pending
1447,757,2025-03-14,Delivered
1448,2740,2024-09-21,Delivered
1449,1591,2024-06-19,Delivered
1450,263,2024-06-30,Delivered
1451,709,2024-12-20,Delivered
1452,2690,2025-01-02,Delivered
1453,2967,2024-09-17,Delivered
1454,2551,2024-05-15,Delivered
1455,946,2024-08-12,Pending
1456,2264,2024-06-27,Pending
1457,641,2024-02-23,Delivered
1458,1148,2024-08-09,Delivered
1459,2094,2025-04-08,Delivered
1460,2908,2024-12-01,Delivered
1461,1309,2024-03-13,Pending
1462,1491,2025-04-10,Delivered
1463,635,2024-04-26,Delivered
1464,1216,2024-12-01,Delivered
1465,178,2024-11-05,Delivered
1466,2539,2025-01-31,Pending
1467,54,2025-02-22,Pending
1468,2048,2024-06-08,Delivered
1469,791,2025-02-28,Delivered
1470,1430,2024-11-16,Pending
1471,823,2024-07-09,Delivered
1472,1207,2024-02-26,Delivered
1473,1631,2024-11-06,Delivered
1474,1893,2024-09-09,Delivered
1475,2799,2024-09-13,Delivered
1476,988,2025-01-11,Pending
1477,1716,2025-01-22,Pending
1478,2675,2024-04-08,Delivered
1479,847,2024-06-10,Pending
1480,2563,2025-05-07,Delivered
1481,2867,2024-11-20,Delivered
1482,2513,2024-08-15,Delivered
1483,1688,2025-06-15,Delivered
1484,2166,2025-01-01,Cancelled
1485,1452,2025-04-08,Delivered
1486,1749,2024-09-13,Cancelled
1487,2923,2024-03-30,Delivered
1488,736,2025-02-03,Delivered
1489,2343,2025-03-21,Delivered
1490,1522,2024-11-15,Delivered
1491,505,2024-08-24,Delivered
1492,1903,2024-03-07,Delivered
1493,2343,2024-05-14,Delivered
1494,1684,2025-05-19,Delivered
1495,2483,2024-04-01,Cancelled
1496,1099,2024-12-26,Delivered
1497,2708,2024-12-28,Delivered
1498,1916,2024-09-14,Pending
1499,2375,2025-06-28,Delivered
1500,789,2025-01-04,Delivered
1501,1332,2025-06-11,Delivered
1502,2693,2024-05-22,Delivered
1503,138,2025-02-08,Delivered
1504,1219,2025-02-23,Delivered
1505,2312,2025-05-16,Delivered
1506,2223,2024-08-12,Delivered
1507,2523,2024-06-30,Delivered
1508,2213,2025-03-15,Cancelled
1509,2828,2025-01-27,Delivered
1510,1497,2024-05-29,Cancelled
1511,1834,2024-06-15,Delivered
1512,2513,2025-03-07,Delivered
1513,2112,2024-11-06,Delivered
1514,291,2025-05-10,Delivered
1515,1102,2024-12-10,Delivered
1516,1648,2025-06-19,Delivered
1517,2229,2024-06-27,Delivered
1518,1626,2025-02-28,Delivered
1519,2303,2024-04-13,Delivered
1520,2483,2025-01-19,Cancelled
1521,769,2024-08-15,Delivered
1522,1801,2024-10-10,Delivered
1523,1660,2025-03-16,Delivered
1524,661,2024-02-27,Delivered
1525,1470,2024-05-02,Delivered
1526,1636,2024-11-01,Delivered
1527,2422,2024-08-14,Cancelled
1528,1375,2024-11-03,Delivered
1529,235,2024-08-23,Delivered
1530,1462,2024-02-05,Delivered
1531,2483,2025-05-26,Cancelled
1532,1693,2025-01-12,Pending
1533,940,2024-11-29,Delivered
1534,2722,2024-03-22,Delivered
1535,424,2024-04-17,Cancelled
1536,966,2024-11-21,Delivered
1537,1302,2024-01-29,Delivered
1538,2209,2024-09-15,Pending
1539,2474,2025-04-30,Delivered
1540,165,2025-04-22,Pending
1541,2341,2024-10-08,Delivered
1542,2164,2024-05-06,Delivered
1543,2662,2024-02-10,Delivered
1544,2671,2024-04-03,Delivered
1545,2303,2024-06-02,Cancelled
1546,547,2024-10-27,Delivered
1547,923,2025-01-31,Pending
1548,2778,2024-09-08,Delivered
1549,1750,2025-03-27,Pending
1550,1614,2024-03-29,Delivered
1551,2712,2024-08-19,Delivered
1552,2586,2024-12-01,Delivered
1553,2180,2024-01-30,Delivered
1554,2606,2025-05-09,Delivered
1555,313,2025-06-27,Cancelled
1556,2229,2025-02-08,Pending
1557,2898,2025-01-18,Delivered
1558,135,2024-04-24,Delivered
1559,645,2024-04-09,Delivered
1560,2351,2024-05-10,Cancelled
1561,1564,2024-03-14,Delivered
1562,249,2024-10-31,Delivered
1563,780,2025-06-06,Delivered
1564,959,2025-01-04,Pending
1565,949,2025-04-26,Delivered
1566,2598,2025-06-18,Delivered
1567,1959,2024-12-27,Delivered
1568,2198,2024-02-27,Pending
1569,31,2025-05-23,Delivered
1570,1277,2024-10-25,Cancelled
1571,934,2024-10-25,Cancelled
1572,2523,2025-06-23,Delivered
1573,2845,2025-01-08,Delivered
1574,1273,2024-03-01,Cancelled
1575,2919,2025-02-21,Delivered
1576,31,2025-06-15,Delivered
1577,964,2024-05-09,Delivered
1578,2291,2024-09-09,Delivered
1579,1081,2024-02-26,Delivered
1580,2722,2025-01-26,Delivered
1581,630,2024-03-19,Delivered
1582,2352,2024-08-20,Delivered
1583,581,2024-12-21,Delivered
1584,564,2025-04-04,Delivered
1585,1331,2024-06-23,Cancelled
1586,2822,2025-05-11,Pending
1587,1716,2024-01-14,Delivered
1588,1864,2024-03-31,Delivered
1589,18,2024-03-05,Delivered
1590,156,2025-02-11,Delivered
1591,191,2024-07-16,Delivered
1592,2432,2024-01-12,Delivered
1593,686,2025-03-06,Delivered
1594,974,2024-05-31,Delivered
1595,1798,2025-01-07,Delivered
1596,1716,2024-10-28,Delivered
1597,1240,2024-03-01,Delivered
1598,6,2024-11-25,Delivered
1599,1339,2025-04-15,Delivered
1600,2213,2024-07-18,Delivered
1601,683,2025-03-31,Delivered
1602,2128,2024-05-27,Delivered
1603,31,2024-06-03,Delivered
1604,2692,2024-04-03,Delivered
1605,2834,2024-04-25,Delivered
1606,2,2024-05-10,Delivered
1607,1373,2024-12-20,Delivered
1608,1249,2024-03-12,Delivered
1609,2499,2024-10-24,Delivered
1610,1616,2024-05-22,Delivered
1611,1799,2024-03-21,Delivered
1612,588,2025-03-24,Delivered
1613,219,2024-10-21,Delivered
1614,2079,2024-06-05,Delivered
1615,1818,2024-12-14,Delivered
1616,2463,2025-05-10,Delivered
1617,2509,2024-06-03,Delivered
1618,1856,2024-05-13,Delivered
1619,1613,2025-01-07,Delivered
1620,2709,2024-09-25,Delivered
1621,2374,2025-01-02,Delivered
1622,2606,2024-04-01,Delivered
1623,2979,2025-05-24,Pending
1624,1217,2024-01-10,Cancelled
1625,2151,2024-05-29,Delivered
1626,2065,2024-12-07,Delivered
1627,493,2024-10-11,Delivered
1628,1870,2024-07-03,Delivered
1629,1278,2025-06-17,Delivered
1630,1343,2024-07-07,Delivered
1631,519,2025-01-05,Cancelled
1632,2224,2024-08-10,Delivered
1633,2097,2024-08-28,Cancelled
1634,1599,2025-02-28,Delivered
1635,427,2024-07-12,Delivered
1636,1660,2024-08-06,Delivered
1637,287,2025-03-02,Delivered
1638,1013,2024-02-17,Delivered
1639,1112,2024-08-24,Delivered
1640,2610,2024-06-01,Delivered
1641,1255,2024-09-20,Cancelled
1642,1752,2024-11-10,Pending
1643,2588,2024-08-22,Delivered
1644,1273,2025-06-26,Cancelled
1645,2611,2025-05-13,Delivered
1646,376,2024-03-19,Pending
1647,1098,2024-12-17,Cancelled
1648,269,2024-06-25,Delivered
1649,1668,2025-01-25,Delivered
1650,2864,2024-09-22,Delivered
1651,1941,2025-06-04,Delivered
1652,1847,2025-05-30,Delivered
1653,806,2024-01-31,Delivered
1654,2759,2024-02-29,Delivered
1655,1415,2024-01-13,Delivered
1656,775,2025-03-09,Pending
1657,2958,2024-05-04,Delivered
1658,1273,2025-01-29,Delivered
1659,1110,2024-06-30,Cancelled
1660,93,2024-06-16,Delivered
1661,511,2024-11-25,Delivered
1662,2390,2025-02-26,Delivered
1663,1453,2024-11-05,Cancelled
1664,2851,2024-11-09,Cancelled
1665,244,2025-02-06,Delivered
1666,1801,2024-04-03,Delivered
1667,2162,2024-11-19,Delivered
1668,1818,2024-06-05,Delivered
1669,1593,2024-03-25,Delivered
1670,1702,2024-06-28,Delivered
1671,2071,2024-04-15,Delivered
1672,2553,2024-06-25,Cancelled
1673,1005,2024-01-13,Delivered
1674,1373,2025-02-11,Delivered
1675,1866,2024-07-09,Pending
1676,924,2024-12-26,Delivered
1677,512,2025-02-13,Delivered
1678,2898,2025-03-23,Delivered
1679,560,2024-02-12,Cancelled
1680,680,2024-10-05,Delivered
1681,1810,2024-08-15,Pending
1682,219,2024-07-10,Delivered
1683,92,2025-03-16,Delivered
1684,179,2024-02-06,Delivered
1685,337,2024-06-18,Delivered
1686,1280,2025-03-09,Delivered
1687,2453,2024-08-03,Delivered
1688,1018,2024-02-10,Delivered
1689,1277,2024-04-04,Delivered
1690,1763,2024-06-13,Delivered
1691,889,2024-05-15,Delivered
1692,1292,2024-12-31,Delivered
1693,1152,2024-04-03,Delivered
1694,1017,2025-02-21,Delivered
1695,1161,2024-06-19,Pending
1696,23,2024-02-07,Delivered
1697,2621,2024-01-07,Delivered
1698,2931,2024-11-27,Delivered
1699,2546,2025-02-05,Delivered
1700,9,2024-03-15,Delivered
1701,2229,2024-06-17,Delivered
1702,1695,2025-02-17,Delivered
1703,268,2025-04-18,Delivered
1704,2766,2025-02-02,Delivered
1705,2298,2024-12-03,Delivered
1706,395,2025-02-12,Delivered
1707,2891,2024-06-11,Delivered
1708,343,2024-02-04,Delivered
1709,1357,2024-11-04,Delivered
1710,436,2024-11-01,Delivered
1711,403,2025-03-14,Pending
1712,2903,2024-05-11,Delivered
1713,1694,2025-04-30,Delivered
1714,750,2024-09-27,Delivered
1715,2299,2024-08-29,Delivered
1716,2590,2025-06-24,Cancelled
1717,2715,2024-10-23,Delivered
1718,2766,2024-02-19,Delivered
1719,2688,2024-05-18,Delivered
1720,1887,2024-11-20,Delivered
1721,1019,2024-05-05,Delivered
1722,2744,2024-03-31,Delivered
1723,335,2024-06-10,Delivered
1724,467,2024-10-05,Delivered
1725,1295,2024-02-20,Delivered
1726,831,2024-10-11,Delivered
1727,1801,2025-02-01,Delivered
1728,2687,2024-09-06,Pending
1729,1478,2025-01-13,Delivered
1730,1652,2024-12-15,Delivered
1731,1273,2024-09-27,Cancelled
1732,2124,2025-06-15,Pending
1733,289,2024-11-29,Cancelled
1734,131,2025-03-15,Delivered
1735,1895,2024-12-15,Delivered
1736,1605,2025-06-07,Delivered
1737,1229,2024-08-23,Delivered
1738,997,2024-04-13,Delivered
1739,143,2024-04-09,Delivered
1740,2035,2025-06-26,Delivered
1741,1272,2025-03-12,Delivered
1742,1330,2024-06-15,Delivered
1743,2656,2024-09-01,Delivered
1744,2207,2024-01-19,Delivered
1745,635,2025-06-04,Cancelled
1746,1942,2024-08-26,Cancelled
1747,367,2024-07-28,Delivered
1748,560,2024-05-14,Delivered
1749,2146,2024-02-14,Cancelled
1750,342,2025-02-20,Delivered
1751,817,2024-05-01,Delivered
1752,2667,2024-02-17,Delivered
1753,2210,2025-06-18,Delivered
1754,2750,2024-10-26,Delivered
1755,2605,2024-02-12,Delivered
1756,916,2024-06-07,Delivered
1757,1857,2024-10-29,Delivered
1758,1129,2024-04-22,Delivered
1759,2094,2025-06-24,Delivered
1760,1036,2025-04-23,Delivered
1761,2,2025-04-28,Cancelled
1762,268,2024-10-08,Delivered
1763,2275,2025-06-23,Delivered
1764,244,2024-06-26,Delivered
1765,1758,2024-10-30,Delivered
1766,2537,2025-02-11,Delivered
1767,2213,2024-10-02,Delivered
1768,1247,2025-04-10,Cancelled
1769,597,2024-02-26,Delivered
1770,2731,2024-08-29,Cancelled
1771,1675,2025-03-29,Delivered
1772,1223,2024-04-09,Delivered
1773,2809,2024-07-29,Delivered
1774,621,2025-06-26,Delivered
1775,1321,2024-11-30,Delivered
1776,307,2024-07-15,Cancelled
1777,340,2024-07-17,Cancelled
1778,1201,2024-04-22,Delivered
1779,2101,2025-02-05,Cancelled
1780,1010,2024-02-26,Cancelled
1781,2072,2024-04-23,Pending
1782,2378,2024-03-08,Delivered
1783,2598,2025-02-15,Delivered
1784,118,2025-05-29,Pending
1785,2284,2024-02-17,Delivered
1786,398,2025-05-31,Delivered
1787,2097,2025-05-15,Delivered
1788,1111,2024-10-04,Delivered
1789,2124,2024-01-21,Delivered
1790,616,2025-01-12,Delivered
1791,1909,2024-10-13,Delivered
1792,341,2025-03-30,Delivered
1793,472,2024-06-10,Delivered
1794,1801,2024-10-31,Delivered
1795,1005,2025-05-01,Delivered
1796,2119,2024-12-30,Delivered
1797,2058,2024-12-18,Delivered
1798,1821,2025-06-11,Cancelled
1799,2183,2024-09-24,Delivered
1800,2350,2024-04-04,Delivered
1801,2699,2025-06-16,Delivered
1802,233,2024-03-16,Delivered
1803,1694,2024-10-27,Delivered
1804,2229,2025-02-15,Delivered
1805,627,2025-03-05,Delivered
1806,763,2025-01-19,Delivered
1807,775,2024-08-20,Delivered
1808,1695,2024-04-11,Delivered
1809,1100,2024-01-21,Delivered
1810,1973,2024-06-14,Delivered
1811,1798,2025-06-14,Delivered
1812,1941,2025-01-09,Delivered
1813,738,2024-08-10,Delivered
1814,2260,2024-09-26,Delivered
1815,1964,2024-07-01,Delivered
1816,360,2025-05-02,Delivered
1817,574,2024-09-04,Delivered
1818,884,2025-04-02,Delivered
1819,2777,2024-01-28,Delivered
1820,966,2024-09-22,Cancelled
1821,38,2024-11-25,Delivered
1822,384,2024-12-30,Delivered
1823,89,2024-01-13,Delivered
1824,1216,2024-12-17,Delivered
1825,2357,2025-04-03,Delivered
1826,1343,2024-02-20,Delivered
1827,2487,2024-06-29,Delivered
1828,126,2024-08-20,Delivered
1829,1411,2024-05-18,Delivered
1830,2330,2024-08-28,Delivered
1831,2013,2025-05-02,Delivered
1832,2524,2025-05-04,Delivered
1833,792,2024-11-24,Delivered
1834,1504,2025-04-28,Cancelled
1835,2021,2025-03-21,Cancelled
1836,465,2024-02-01,Cancelled
1837,2419,2024-07-30,Delivered
1838,915,2025-04-06,Delivered
1839,265,2024-08-29,Delivered
1840,2254,2024-11-29,Delivered
1841,2119,2024-08-12,Delivered
1842,2611,2024-01-09,Delivered
1843,2649,2024-11-04,Pending
1844,808,2024-07-27,Delivered
1845,1895,2025-02-26,Delivered
1846,2997,2025-04-29,Delivered
1847,712,2024-02-27,Delivered
1848,1422,2024-07-14,Cancelled
1849,2693,2024-08-02,Cancelled
1850,292,2025-01-04,Delivered
1851,2749,2024-08-04,Delivered
1852,1464,2024-11-04,Delivered
1853,2653,2025-05-10,Delivered
1854,1819,2024-11-18,Delivered
1855,1993,2024-02-23,Delivered
1856,2281,2024-09-19,Delivered
1857,191,2025-04-29,Delivered
1858,1851,2024-09-20,Delivered
1859,2736,2025-06-20,Delivered
1860,2860,2025-05-07,Delivered
1861,2906,2024-05-24,Delivered
1862,1911,2024-08-13,Pending
1863,1861,2024-04-11,Delivered
1864,1647,2024-04-14,Cancelled
1865,1789,2024-07-19,Delivered
1866,1801,2024-08-17,Delivered
1867,113,2024-07-10,Delivered
1868,254,2025-02-04,Delivered
1869,1813,2024-03-23,Delivered
1870,924,2024-09-16,Delivered
1871,884,2025-04-30,Delivered
1872,559,2025-02-03,Delivered
1873,2374,2024-04-21,Delivered
1874,2892,2024-05-10,Delivered
1875,1851,2025-05-20,Delivered
1876,2824,2024-11-14,Pending
1877,2612,2025-04-25,Delivered
1878,629,2025-04-16,Pending
1879,415,2024-08-29,Delivered
1880,609,2024-10-15,Delivered
1881,271,2024-07-20,Delivered
1882,1713,2024-12-13,Delivered
1883,828,2024-12-20,Delivered
1884,2705,2025-01-05,Delivered
1885,1801,2025-04-15,Delivered
1886,1080,2025-02-07,Cancelled
1887,2947,2024-02-25,Delivered
1888,2842,2024-07-10,Delivered
1889,2306,2024-11-07,Delivered
1890,2341,2024-12-08,Delivered
1891,2930,2025-04-16,Delivered
1892,1764,2024-08-15,Delivered
1893,2598,2025-03-24,Delivered
1894,185,2024-08-01,Delivered
1895,1654,2024-03-20,Delivered
1896,1510,2024-09-16,Delivered
1897,99,2024-03-22,Delivered
1898,251,2024-08-10,Delivered
1899,48,2024-05-12,Delivered
1900,860,2024-01-15,Cancelled
1901,145,2024-12-28,Delivered
1902,1273,2025-02-09,Delivered
1903,2405,2024-03-12,Delivered
1904,1801,2024-11-15,Pending
1905,2007,2024-10-01,Delivered
1906,85,2024-03-16,Delivered
1907,2490,2024-11-28,Cancelled
1908,397,2024-05-22,Pending
1909,892,2025-03-24,Cancelled
1910,1555,2024-11-29,Delivered
1911,2753,2024-03-01,Delivered
1912,2993,2024-10-09,Pending
1913,2315,2024-03-04,Delivered
1914,2182,2025-01-29,Delivered
1915,1585,2024-06-11,Cancelled
1916,1972,2024-09-24,Delivered
1917,393,2025-01-15,Delivered
1918,783,2025-04-06,Delivered
1919,2947,2024-10-06,Delivered
1920,2938,2024-02-12,Delivered
1921,956,2024-05-21,Delivered
1922,709,2024-11-30,Pending
1923,670,2024-01-23,Cancelled
1924,1458,2024-07-21,Delivered
1925,646,2024-06-25,Cancelled
1926,1917,2024-06-16,Delivered
1927,215,2025-06-04,Delivered
1928,293,2025-05-30,Cancelled
1929,799,2025-05-04,Pending
1930,2303,2025-04-16,Delivered
1931,957,2025-05-02,Delivered
1932,1413,2024-04-10,Delivered
1933,1941,2024-08-02,Delivered
1934,2332,2024-02-01,Delivered
1935,898,2025-03-11,Delivered
1936,2185,2025-04-18,Delivered
1937,832,2024-01-16,Delivered
1938,1905,2024-04-02,Delivered
1939,1343,2024-04-02,Delivered
1940,2748,2025-05-21,Delivered
1941,2942,2025-03-07,Delivered
1942,2285,2024-05-31,Delivered
1943,2709,2024-01-25,Delivered
1944,376,2024-08-12,Delivered
1945,1934,2024-11-15,Delivered
1946,567,2024-01-25,Delivered
1947,799,2024-09-13,Cancelled
1948,1576,2024-10-20,Delivered
1949,2216,2025-06-19,Delivered
1950,2165,2024-04-13,Delivered
1951,2577,2024-04-10,Delivered
1952,1664,2024-08-23,Delivered
1953,2747,2024-06-23,Delivered
1954,2626,2025-05-16,Delivered
1955,2515,2025-03-05,Delivered
1956,670,2024-05-17,Delivered
1957,1595,2024-07-01,Pending
1958,2201,2024-12-12,Delivered
1959,2929,2025-04-20,Delivered
1960,24,2024-04-20,Delivered
1961,968,2024-06-10,Delivered
1962,1018,2024-11-28,Delivered
1963,844,2025-04-14,Delivered
1964,2423,2024-06-06,Delivered
1965,118,2024-09-12,Delivered
1966,1078,2025-01-07,Delivered
1967,2138,2024-08-20,Delivered
1968,1225,2025-02-24,Delivered
1969,392,2024-10-08,Delivered
1970,1798,2025-04-25,Delivered
1971,1574,2024-11-27,Delivered
1972,2941,2025-05-16,Cancelled
1973,2229,2025-04-14,Delivered
1974,2951,2024-05-11,Cancelled
1975,535,2025-05-04,Cancelled
1976,2238,2024-03-11,Delivered
1977,1643,2024-06-03,Delivered
1978,2138,2024-01-27,Delivered
1979,1405,2024-02-26,Delivered
1980,610,2025-01-28,Delivered
1981,118,2024-03-01,Delivered
1982,2484,2024-04-12,Delivered
1983,2416,2024-08-10,Delivered
1984,455,2025-03-12,Pending
1985,1910,2025-03-18,Delivered
1986,2208,2025-06-10,Delivered
1987,1662,2024-01-31,Delivered
1988,932,2024-03-21,Delivered
1989,2602,2024-08-05,Cancelled
1990,1899,2024-06-03,Delivered
1991,2162,2024-02-23,Delivered
1992,1928,2024-10-13,Delivered
1993,2165,2024-09-12,Pending
1994,395,2024-08-23,Delivered
1995,2732,2024-01-13,Cancelled
1996,831,2024-08-20,Delivered
1997,2480,2024-09-07,Pending
1998,2656,2024-04-28,Delivered
1999,1927,2025-03-10,Cancelled
2000,1751,2025-04-30,Delivered
2001,308,2025-05-22,Delivered
2002,1299,2025-01-07,Delivered
2003,1800,2025-01-04,Delivered
2004,236,2024-03-25,Delivered
2005,313,2024-08-03,Delivered
2006,2971,2024-01-03,Cancelled
2007,988,2024-11-01,Delivered
2008,1042,2025-02-20,Delivered
2009,736,2024-12-31,Delivered
2010,1912,2024-01-09,Delivered
2011,1422,2024-10-30,Delivered
2012,2336,2025-04-25,Delivered
2013,1543,2024-02-25,Delivered
2014,31,2024-10-16,Delivered
2015,1453,2024-05-16,Delivered
2016,152,2025-05-22,Delivered
2017,2453,2024-10-27,Delivered
2018,313,2025-02-25,Delivered
2019,627,2024-10-13,Cancelled
2020,1374,2025-05-03,Delivered
2021,561,2024-06-05,Cancelled
2022,1614,2025-02-10,Delivered
2023,1374,2024-08-22,Delivered
2024,2842,2024-11-10,Delivered
2025,253,2025-01-09,Delivered
2026,1702,2024-04-04,Delivered
2027,2162,2025-04-18,Delivered
2028,351,2025-02-01,Delivered
2029,1868,2024-08-11,Delivered
2030,2559,2024-11-19,Delivered
2031,2330,2024-12-28,Delivered
2032,2772,2024-09-05,Delivered
2033,2164,2024-12-12,Delivered
2034,1180,2024-10-31,Delivered
2035,2719,2025-03-01,Delivered
2036,652,2024-05-06,Delivered
2037,1714,2024-01-03,Cancelled
2038,2254,2024-08-08,Pending
2039,2582,2025-03-26,Delivered
2040,2714,2024-03-08,Delivered
2041,246,2025-04-15,Delivered
2042,2176,2024-08-11,Delivered
2043,592,2024-04-23,Delivered
2044,2308,2024-09-11,Pending
2045,2111,2025-03-19,Cancelled
2046,520,2025-04-13,Cancelled
2047,2463,2024-11-30,Delivered
2048,1382,2024-10-14,Delivered
2049,1626,2025-03-16,Delivered
2050,2916,2025-05-11,Delivered
2051,1941,2025-03-10,Delivered
2052,1725,2025-06-12,Delivered
2053,34,2025-03-29,Cancelled
2054,571,2024-01-27,Delivered
2055,65,2024-01-11,Delivered
2056,989,2024-11-22,Delivered
2057,1023,2025-06-06,Cancelled
2058,1593,2024-06-12,Cancelled
2059,2073,2025-06-11,Delivered
2060,514,2025-04-09,Delivered
2061,1772,2024-03-17,Delivered
2062,2715,2024-09-26,Delivered
2063,534,2024-04-30,Delivered
2064,1951,2024-02-12,Pending
2065,118,2025-01-12,Delivered
2066,1595,2024-04-27,Delivered
2067,2214,2024-11-01,Delivered
2068,92,2025-01-02,Delivered
2069,994,2024-08-23,Delivered
2070,2598,2024-02-13,Delivered
2071,653,2024-02-07,Cancelled
2072,2169,2024-07-25,Delivered
2073,1801,2024-01-24,Delivered
2074,460,2025-04-20,Delivered
2075,2215,2024-03-31,Delivered
2076,1598,2024-01-16,Delivered
2077,313,2024-03-17,Cancelled
2078,2834,2025-01-15,Delivered
2079,1482,2024-11-17,Delivered
2080,2225,2025-01-03,Delivered
2081,629,2024-07-08,Pending
2082,376,2024-06-24,Delivered
2083,2213,2025-01-01,Delivered
2084,2007,2024-03-02,Delivered
2085,792,2024-08-03,Delivered
2086,2229,2024-02-25,Delivered
2087,1520,2024-08-19,Delivered
2088,1037,2025-06-13,Delivered
2089,2330,2025-04-09,Delivered
2090,1803,2025-01-04,Delivered
2091,1529,2024-12-24,Delivered
2092,2281,2024-07-24,Delivered
2093,1627,2025-01-20,Delivered
2094,2788,2025-03-31,Delivered
2095,2427,2024-11-01,Delivered
2096,1071,2024-02-26,Delivered
2097,1396,2025-01-14,Delivered
2098,2866,2024-03-10,Delivered
2099,2663,2024-06-25,Delivered
2100,553,2024-04-17,Delivered
2101,793,2024-01-28,Delivered
2102,1097,2025-02-20,Delivered
2103,2598,2024-12-18,Delivered
2104,2749,2024-08-11,Delivered
2105,2375,2024-07-27,Cancelled
2106,796,2024-12-16,Delivered
2107,2621,2024-10-17,Delivered
2108,92,2024-05-06,Delivered
2109,1273,2024-09-19,Delivered
2110,1127,2025-02-28,Delivered
2111,1606,2024-10-28,Delivered
2112,1667,2025-03-13,Delivered
2113,652,2024-10-04,Delivered
2114,593,2024-08-13,Delivered
2115,2375,2025-02-09,Cancelled
2116,217,2024-04-24,Delivered
2117,1488,2024-12-08,Delivered
2118,554,2024-12-10,Delivered
2119,941,2024-05-31,Delivered
2120,802,2024-05-19,Delivered
2121,2128,2024-02-15,Delivered
2122,1361,2024-03-21,Delivered
2123,878,2024-02-22,Delivered
2124,2457,2024-12-02,Cancelled
2125,248,2024-03-07,Delivered
2126,2256,2024-10-07,Delivered
2127,723,2024-03-01,Delivered
2128,2715,2025-03-03,Pending
2129,9,2025-01-04,Delivered
2130,1659,2024-06-08,Pending
2131,1824,2025-02-05,Delivered
2132,1702,2024-05-03,Cancelled
2133,2416,2024-12-12,Delivered
2134,313,2024-12-15,Cancelled
2135,1255,2024-08-26,Cancelled
2136,2555,2025-01-17,Delivered
2137,2632,2025-06-01,Pending
2138,1497,2024-08-13,Delivered
2139,1663,2024-06-03,Delivered
2140,2251,2024-08-29,Delivered
2141,2309,2024-11-06,Delivered
2142,2628,2024-03-08,Delivered
2143,2506,2025-06-08,Delivered
2144,1252,2024-09-13,Delivered
2145,1919,2025-06-10,Cancelled
2146,1454,2025-06-08,Delivered
2147,326,2024-02-04,Delivered
2148,2440,2024-03-03,Delivered
2149,1773,2024-04-09,Delivered
2150,163,2024-11-06,Delivered
2151,2021,2024-07-12,Delivered
2152,831,2024-01-11,Delivered
2153,192,2024-11-04,Delivered
2154,1783,2024-06-26,Delivered
2155,2189,2025-04-05,Delivered
2156,1557,2025-02-19,Delivered
2157,9,2025-04-06,Delivered
2158,1702,2024-11-05,Delivered
2159,10,2025-01-14,Cancelled
2160,2748,2024-02-14,Delivered
2161,777,2025-02-18,Delivered
2162,2580,2024-09-03,Delivered
2163,25,2024-01-03,Delivered
2164,272,2024-02-13,Delivered
2165,1344,2024-06-17,Delivered
2166,2229,2024-07-22,Cancelled
2167,2810,2024-04-23,Cancelled
2168,1567,2025-02-23,Delivered
2169,1062,2024-09-01,Delivered
2170,118,2024-05-21,Delivered
2171,1714,2025-01-02,Cancelled
2172,1136,2024-09-04,Delivered
2173,2692,2025-03-01,Delivered
2174,1446,2024-09-30,Delivered
2175,2254,2025-02-13,Delivered
2176,2514,2025-04-10,Delivered
2177,277,2024-02-13,Pending
2178,1317,2024-03-07,Delivered
2179,2658,2025-02-02,Delivered
2180,1273,2024-10-27,Delivered
2181,1673,2024-05-11,Delivered
2182,2583,2024-01-17,Delivered
2183,680,2025-06-05,Delivered
2184,2662,2024-02-20,Delivered
2185,1193,2024-09-09,Delivered
2186,1738,2024-04-30,Delivered
2187,971,2024-08-03,Delivered
2188,1583,2025-01-27,Pending
2189,135,2024-10-04,Pending
2190,185,2024-01-23,Delivered
2191,1252,2024-02-17,Delivered
2192,999,2025-05-31,Delivered
2193,1801,2024-05-17,Delivered
2194,100,2024-08-21,Delivered
2195,465,2025-03-04,Delivered
2196,602,2025-04-02,Delivered
2197,1314,2024-06-04,Delivered
2198,721,2024-05-01,Cancelled
2199,376,2024-08-26,Delivered
2200,1749,2024-07-03,Delivered
2201,2223,2025-01-17,Delivered
2202,2059,2025-01-31,Delivered
2203,797,2024-05-22,Delivered
2204,2529,2024-07-26,Delivered
2205,1801,2025-02-02,Delivered
2206,1801,2024-10-04,Delivered
2207,611,2024-10-27,Delivered
2208,709,2025-03-17,Cancelled
2209,1427,2024-12-21,Delivered
2210,692,2024-12-21,Delivered
2211,2065,2024-09-19,Delivered
2212,906,2025-04-01,Delivered
2213,410,2024-01-13,Delivered
2214,410,2024-02-17,Delivered
2215,347,2025-01-04,Delivered
2216,1310,2024-11-28,Delivered
2217,2,2024-06-01,Delivered
2218,1625,2024-11-24,Delivered
2219,874,2024-02-28,Delivered
2220,1647,2024-11-27,Cancelled
2221,2774,2024-07-16,Pending
2222,2576,2024-11-17,Delivered
2223,1702,2024-07-05,Delivered
2224,1263,2025-01-30,Delivered
2225,2097,2024-03-01,Cancelled
2226,2735,2025-04-05,Delivered
2227,1468,2024-09-27,Delivered
2228,283,2024-05-05,Delivered
2229,2256,2025-06-09,Delivered
2230,20,2024-02-27,Delivered
2231,2252,2024-10-20,Delivered
2232,246,2024-02-10,Delivered
2233,299,2025-05-06,Cancelled
2234,2313,2024-03-27,Delivered
2235,2071,2024-05-17,Delivered
2236,1669,2024-12-24,Delivered
2237,2436,2025-04-28,Delivered
2238,2523,2024-08-15,Delivered
2239,1372,2024-05-22,Delivered
2240,2982,2024-07-09,Delivered
2241,1069,2025-05-15,Delivered
2242,483,2025-05-11,Delivered
2243,2512,2024-03-07,Delivered
2244,1255,2025-05-06,Delivered
2245,2587,2025-04-04,Delivered
2246,175,2024-10-21,Delivered
2247,313,2024-05-19,Delivered
2248,105,2024-09-07,Delivered
2249,1775,2025-02-27,Delivered
2250,2460,2024-05-27,Delivered
2251,1216,2024-07-06,Delivered
2252,255,2024-09-08,Delivered
2253,1117,2024-02-06,Delivered
2254,1034,2024-08-12,Delivered
2255,1903,2024-03-14,Delivered
2256,1928,2024-01-04,Delivered
2257,291,2024-07-30,Delivered
2258,1267,2025-02-18,Delivered
2259,1899,2025-06-20,Delivered
2260,750,2024-08-27,Delivered
2261,1226,2025-02-15,Pending
2262,1801,2024-05-01,Delivered
2263,1216,2024-12-13,Delivered
2264,84,2024-12-29,Delivered
2265,644,2024-06-30,Delivered
2266,2298,2024-09-01,Delivered
2267,724,2024-12-31,Delivered
2268,2424,2024-06-20,Delivered
2269,1402,2024-11-25,Delivered
2270,1422,2024-05-06,Pending
2271,2274,2024-10-19,Delivered
2272,1145,2024-02-02,Delivered
2273,694,2024-08-31,Delivered
2274,294,2024-10-01,Cancelled
2275,1995,2025-03-27,Delivered
2276,1412,2024-07-23,Delivered
2277,2391,2024-01-04,Cancelled
2278,1373,2024-01-23,Delivered
2279,1252,2024-10-21,Delivered
2280,877,2025-03-19,Delivered
2281,571,2025-05-01,Delivered
2282,2456,2025-03-17,Delivered
2283,269,2024-07-04,Delivered
2284,2675,2024-09-24,Delivered
2285,65,2025-04-29,Delivered
2286,1571,2025-04-03,Delivered
2287,164,2024-09-04,Delivered
2288,2309,2024-09-19,Delivered
2289,609,2024-02-07,Delivered
2290,1673,2024-04-02,Delivered
2291,2714,2024-10-15,Delivered
2292,1919,2024-10-09,Delivered
2293,511,2024-11-09,Delivered
2294,2355,2024-06-19,Delivered
2295,1318,2024-05-03,Pending
2296,30,2024-09-03,Delivered
2297,1461,2025-04-24,Delivered
2298,2402,2025-06-13,Cancelled
2299,1281,2024-01-29,Delivered
2300,2229,2024-07-13,Delivered
2301,2119,2024-10-11,Delivered
2302,1366,2024-04-27,Delivered
2303,957,2024-07-11,Cancelled
2304,2179,2024-03-11,Delivered
2305,1104,2024-09-10,Delivered
2306,474,2025-04-27,Delivered
2307,947,2025-05-22,Delivered
2308,2597,2024-01-09,Delivered
2309,831,2024-12-13,Delivered
2310,683,2025-05-10,Cancelled
2311,369,2025-02-23,Delivered
2312,152,2024-02-03,Delivered
2313,2929,2024-07-31,Delivered
2314,1609,2025-02-14,Delivered
2315,2182,2025-06-18,Delivered
2316,2281,2024-06-09,Delivered
2317,1052,2024-06-03,Delivered
2318,2364,2024-05-16,Delivered
2319,2881,2025-05-03,Delivered
2320,2215,2024-04-08,Delivered
2321,2138,2024-07-18,Delivered
2322,1291,2024-03-14,Delivered
2323,2496,2025-05-28,Pending
2324,254,2024-02-06,Delivered
2325,2229,2024-10-03,Delivered
2326,1088,2024-03-25,Delivered
2327,1673,2024-08-10,Delivered
2328,2652,2024-11-17,Delivered
2329,1779,2025-01-16,Delivered
2330,59,2024-11-07,Delivered
2331,2167,2024-08-21,Delivered
2332,2750,2024-06-02,Delivered
2333,1899,2025-03-14,Delivered
2334,2542,2025-01-06,Cancelled
2335,2450,2025-01-01,Cancelled
2336,2542,2025-02-24,Delivered
2337,1023,2024-04-30,Delivered
2338,1424,2025-06-19,Delivered
2339,2514,2025-05-17,Delivered
2340,2695,2024-08-28,Delivered
2341,397,2024-04-21,Delivered
2342,520,2024-07-23,Cancelled
2343,1030,2024-07-31,Delivered
2344,2274,2025-06-15,Delivered
2345,2589,2024-06-06,Delivered
2346,1708,2025-05-29,Delivered
2347,313,2024-05-06,Delivered
2348,892,2025-05-21,Delivered
2349,2533,2025-05-22,Delivered
2350,1032,2024-11-28,Delivered
2351,291,2024-02-28,Delivered
2352,889,2024-12-03,Pending
2353,2380,2025-05-12,Delivered
2354,1489,2025-05-21,Delivered
2355,483,2024-09-06,Delivered
2356,916,2024-09-18,Delivered
2357,2845,2024-07-28,Delivered
2358,1288,2024-04-26,Delivered
2359,1318,2024-12-22,Pending
2360,413,2025-06-21,Delivered
2361,894,2024-05-25,Delivered
2362,2415,2025-04-04,Delivered
2363,2328,2024-02-22,Cancelled
2364,1297,2024-01-31,Delivered
2365,2658,2025-05-06,Delivered
2366,1137,2024-03-02,Delivered
2367,2559,2024-08-14,Delivered
2368,85,2025-04-26,Delivered
2369,1031,2024-07-09,Delivered
2370,2529,2024-06-13,Delivered
2371,2673,2024-01-23,Delivered
2372,2229,2025-01-15,Delivered
2373,1991,2024-06-23,Delivered
2374,2419,2024-03-05,Delivered
2375,2124,2024-09-16,Delivered
2376,738,2024-04-03,Cancelled
2377,1400,2025-04-08,Delivered
2378,1959,2025-02-12,Delivered
2379,1721,2025-06-18,Delivered
2380,2616,2025-06-18,Delivered
2381,1424,2025-04-02,Delivered
2382,509,2024-10-01,Cancelled
2383,621,2024-04-02,Delivered
2384,2512,2024-01-24,Delivered
2385,18,2024-02-19,Delivered
2386,2576,2024-05-07,Delivered
2387,152,2025-04-27,Delivered
2388,1172,2024-04-26,Cancelled
2389,2369,2024-02-20,Delivered
2390,1231,2025-05-25,Delivered
2391,2444,2024-08-25,Delivered
2392,287,2024-08-16,Cancelled
2393,1538,2024-06-13,Cancelled
2394,1712,2025-06-01,Cancelled
2395,2644,2024-07-09,Delivered
2396,268,2025-04-14,Delivered
2397,1008,2025-06-25,Delivered
2398,1951,2024-09-03,Delivered
2399,2939,2025-01-17,Delivered
2400,2514,2024-01-14,Pending
2401,2513,2025-03-02,Delivered
2402,1557,2025-06-15,Delivered
2403,1673,2024-04-16,Delivered
2404,2539,2024-01-06,Delivered
2405,2577,2024-01-24,Delivered
2406,2375,2025-04-12,Delivered
2407,2427,2024-05-13,Delivered
2408,2598,2024-08-13,Cancelled
2409,313,2024-07-02,Delivered
2410,858,2024-06-13,Pending
2411,2929,2024-03-31,Delivered
2412,1627,2024-08-10,Delivered
2413,504,2025-05-19,Delivered
2414,1513,2024-07-13,Cancelled
2415,1911,2025-03-13,Delivered
2416,2453,2025-01-11,Delivered
2417,2400,2025-03-11,Delivered
2418,135,2024-11-08,Delivered
2419,1353,2024-07-21,Delivered
2420,41,2024-05-20,Delivered
2421,2629,2024-06-01,Delivered
2422,492,2024-10-15,Pending
2423,1838,2024-08-08,Delivered
2424,1692,2024-08-09,Delivered
2425,1844,2024-07-20,Delivered
2426,1673,2025-05-17,Delivered
2427,2147,2024-12-17,Delivered
2428,1847,2025-05-02,Delivered
2429,255,2025-05-21,Cancelled
2430,1102,2024-12-03,Delivered
2431,1631,2024-02-20,Delivered
2432,963,2025-06-11,Delivered
2433,2232,2024-09-18,Delivered
2434,934,2024-07-23,Cancelled
2435,2453,2024-08-13,Cancelled
2436,397,2024-02-18,Delivered
2437,2269,2024-12-28,Delivered
2438,527,2024-01-27,Delivered
2439,1586,2025-01-28,Delivered
2440,945,2025-03-31,Cancelled
2441,1876,2024-08-18,Delivered
2442,611,2024-07-28,Cancelled
2443,2352,2025-01-02,Pending
2444,1697,2025-04-14,Delivered
2445,2864,2024-02-22,Delivered
2446,2138,2024-09-07,Delivered
2447,1787,2024-06-25,Delivered
2448,2453,2024-01-07,Delivered
2449,635,2024-01-05,Delivered
2450,1860,2024-10-15,Delivered
2451,1170,2025-02-21,Delivered
2452,2223,2024-11-20,Delivered
2453,54,2024-05-15,Delivered
2454,1278,2024-09-03,Delivered
2455,1928,2025-06-11,Delivered
2456,1374,2025-04-02,Delivered
2457,693,2024-03-06,Delivered
2458,1394,2024-12-17,Delivered
2459,2520,2024-12-07,Delivered
2460,597,2024-07-18,Delivered
2461,1103,2024-07-18,Delivered
2462,2965,2025-01-27,Delivered
2463,2703,2025-05-25,Delivered
2464,92,2024-06-23,Delivered
2465,1593,2025-05-21,Delivered
2466,186,2025-04-02,Delivered
2467,2736,2024-01-29,Cancelled
2468,1318,2024-06-01,Delivered
2469,1263,2024-08-28,Delivered
2470,789,2024-12-29,Delivered
2471,1684,2024-05-03,Delivered
2472,395,2024-08-14,Delivered
2473,2364,2024-02-20,Delivered
2474,1478,2024-02-25,Pending
2475,1675,2024-08-25,Pending
2476,2496,2024-12-09,Delivered
2477,534,2024-09-03,Pending
2478,498,2024-07-28,Delivered
2479,1269,2024-09-28,Delivered
2480,2328,2024-12-12,Cancelled
2481,165,2025-01-24,Delivered
2482,2352,2024-10-21,Delivered
2483,1504,2024-02-20,Cancelled
2484,1669,2024-01-23,Delivered
2485,1673,2024-07-06,Delivered
2486,153,2024-04-21,Delivered
2487,731,2024-10-20,Cancelled
2488,2229,2025-01-17,Delivered
2489,1246,2024-05-17,Delivered
2490,1666,2024-09-12,Delivered
2491,2822,2024-04-29,Cancelled
2492,119,2024-09-11,Delivered
2493,1339,2024-07-25,Delivered
2494,1085,2024-01-02,Cancelled
2495,298,2024-12-29,Delivered
2496,2834,2024-06-14,Delivered
2497,2881,2025-02-12,Delivered
2498,915,2024-12-31,Delivered
2499,2826,2024-04-16,Delivered
2500,94,2025-04-29,Delivered
2501,2941,2024-01-13,Delivered
2502,2475,2024-11-09,Delivered
2503,620,2025-03-14,Delivered
2504,1759,2024-10-22,Delivered
2505,2359,2024-10-31,Delivered
2506,941,2024-09-13,Delivered
2507,1058,2024-02-02,Delivered
2508,1852,2025-01-05,Delivered
2509,398,2025-06-04,Delivered
2510,329,2025-03-11,Delivered
2511,731,2024-02-02,Delivered
2512,2213,2024-04-30,Delivered
2513,1102,2025-03-30,Delivered
2514,1529,2025-01-24,Delivered
2515,561,2024-07-19,Delivered
2516,560,2024-05-13,Delivered
2517,1924,2024-09-09,Delivered
2518,306,2024-01-18,Delivered
2519,1981,2024-02-18,Delivered
2520,1207,2024-02-10,Delivered
2521,1993,2025-03-26,Delivered
2522,1138,2024-01-26,Delivered
2523,2512,2024-10-28,Delivered
2524,152,2024-06-01,Delivered
2525,2656,2025-02-17,Delivered
2526,781,2024-03-10,Delivered
2527,113,2025-05-12,Delivered
2528,1670,2024-02-16,Cancelled
2529,649,2025-04-07,Delivered
2530,1373,2024-03-21,Delivered
2531,2375,2024-01-17,Delivered
2532,2341,2024-01-21,Delivered
2533,1764,2025-03-02,Delivered
2534,2932,2024-07-06,Delivered
2535,1394,2024-08-15,Delivered
2536,103,2025-03-25,Cancelled
2537,2430,2024-05-22,Delivered
2538,638,2024-10-29,Delivered
2539,503,2024-06-11,Delivered
2540,192,2024-02-05,Cancelled
2541,971,2025-06-26,Delivered
2542,964,2024-07-23,Delivered
2543,892,2025-04-07,Delivered
2544,1738,2024-08-22,Pending
2545,2229,2025-04-18,Delivered
2546,2785,2024-04-04,Delivered
2547,268,2024-10-21,Delivered
2548,404,2024-07-22,Delivered
2549,1728,2025-06-25,Delivered
2550,276,2024-07-02,Delivered
2551,1107,2025-02-25,Pending
2552,1836,2024-09-26,Delivered
2553,2312,2024-08-06,Delivered
2554,629,2025-01-15,Delivered
2555,1983,2024-12-18,Cancelled
2556,1911,2024-09-18,Cancelled
2557,2542,2024-01-31,Cancelled
2558,923,2024-02-10,Delivered
2559,2229,2024-11-22,Delivered
2560,2229,2024-01-31,Delivered
2561,699,2024-11-26,Delivered
2562,1818,2025-04-29,Delivered
2563,2016,2025-03-06,Delivered
2564,793,2025-01-14,Delivered
2565,1348,2024-05-29,Delivered
2566,1297,2024-12-24,Delivered
2567,2281,2024-04-10,Delivered
2568,2,2025-05-13,Delivered
2569,1504,2024-02-19,Delivered
2570,531,2024-10-22,Delivered
2571,1915,2024-09-22,Delivered
2572,2035,2024-02-10,Delivered
2573,1504,2024-04-11,Delivered
2574,1624,2025-01-25,Delivered
2575,926,2024-11-21,Delivered
2576,919,2024-03-29,Delivered
2577,2225,2024-03-17,Cancelled
2578,367,2024-12-29,Delivered
2579,2278,2024-12-26,Delivered
2580,1936,2024-08-06,Delivered
2581,2613,2024-01-12,Delivered
2582,756,2024-01-16,Delivered
2583,1522,2024-03-23,Pending
2584,103,2024-01-31,Delivered
2585,2702,2024-10-30,Delivered
2586,2017,2024-08-02,Delivered
2587,1827,2024-04-28,Delivered
2588,2190,2024-11-20,Delivered
2589,831,2025-01-19,Delivered
2590,1778,2024-04-03,Delivered
2591,2373,2024-12-07,Delivered
2592,255,2024-02-28,Delivered
2593,2872,2024-11-23,Pending
2594,2649,2024-07-24,Cancelled
2595,2887,2024-02-29,Delivered
2596,2383,2025-03-15,Delivered
2597,860,2024-04-09,Delivered
2598,1709,2025-03-04,Delivered
2599,333,2024-07-18,Delivered
2600,2229,2025-01-08,Cancelled
2601,417,2025-01-21,Delivered
2602,2565,2024-08-20,Delivered
2603,705,2024-12-30,Delivered
2604,442,2024-08-29,Delivered
2605,196,2024-11-26,Delivered
2606,2136,2024-05-03,Delivered
2607,535,2024-08-20,Cancelled
2608,565,2024-03-15,Delivered
2609,472,2024-08-14,Delivered
2610,897,2024-01-09,Cancelled
2611,2803,2024-08-11,Delivered
2612,1461,2025-04-14,Delivered
2613,758,2024-07-16,Delivered
2614,477,2024-09-27,Delivered
2615,36,2025-04-12,Delivered
2616,1098,2024-01-02,Delivered
2617,311,2025-01-01,Pending
2618,65,2024-10-15,Delivered
2619,291,2024-07-06,Delivered
2620,937,2024-05-21,Delivered
2621,2229,2024-11-19,Pending
2622,191,2024-08-21,Delivered
2623,2026,2024-08-03,Delivered
2624,1818,2025-01-02,Delivered
2625,2605,2024-08-06,Pending
2626,528,2025-03-18,Delivered
2627,2352,2024-06-04,Delivered
2628,2562,2025-01-17,Delivered
2629,2929,2024-11-03,Cancelled
2630,2385,2025-05-04,Delivered
2631,339,2024-08-06,Delivered
2632,2828,2024-05-08,Delivered
2633,2416,2024-08-05,Delivered
2634,610,2024-12-27,Delivered
2635,465,2024-08-22,Delivered
2636,2780,2025-04-30,Delivered
2637,424,2024-03-26,Delivered
2638,2303,2024-06-17,Delivered
2639,1223,2025-06-20,Delivered
2640,2172,2025-03-12,Delivered
2641,260,2024-02-11,Delivered
2642,2175,2025-05-28,Cancelled
2643,1541,2024-08-20,Cancelled
2644,2671,2024-12-17,Delivered
2645,541,2024-01-10,Delivered
2646,308,2024-03-30,Delivered
2647,561,2025-01-16,Pending
2648,225,2024-05-22,Delivered
2649,2940,2024-03-05,Delivered
2650,336,2025-01-06,Delivered
2651,577,2024-04-28,Delivered
2652,2392,2025-04-17,Delivered
2653,719,2024-04-07,Delivered
2654,643,2024-01-13,Delivered
2655,1996,2024-08-01,Delivered
2656,1201,2024-06-27,Delivered
2657,2473,2024-12-14,Delivered
2658,1883,2024-05-07,Delivered
2659,841,2025-06-19,Delivered
2660,1750,2024-08-18,Delivered
2661,2565,2025-01-22,Pending
2662,1097,2025-02-23,Delivered
2663,2202,2025-04-27,Delivered
2664,1256,2024-10-01,Delivered
2665,1625,2024-05-04,Delivered
2666,2193,2024-10-09,Delivered
2667,175,2024-08-20,Cancelled
2668,1359,2024-11-28,Delivered
2669,269,2024-05-08,Delivered
2670,2175,2024-10-08,Cancelled
2671,1791,2025-06-06,Delivered
2672,966,2025-01-10,Delivered
2673,217,2025-06-06,Delivered
2674,2745,2024-02-28,Delivered
2675,926,2024-12-22,Delivered
2676,795,2024-01-13,Delivered
2677,289,2024-04-20,Delivered
2678,1702,2025-03-27,Cancelled
2679,769,2024-02-25,Delivered
2680,2503,2024-09-18,Delivered
2681,2045,2024-02-08,Delivered
2682,2,2024-06-11,Cancelled
2683,1673,2024-03-08,Delivered
2684,673,2024-09-05,Delivered
2685,31,2024-12-17,Delivered
2686,1813,2024-12-20,Delivered
2687,593,2025-05-24,Delivered
2688,2667,2024-03-07,Delivered
2689,1696,2024-08-06,Delivered
2690,600,2024-10-12,Delivered
2691,2937,2024-02-17,Delivered
2692,1631,2024-03-01,Delivered
2693,465,2024-06-18,Cancelled
2694,1557,2025-04-14,Delivered
2695,2875,2024-11-16,Cancelled
2696,1273,2024-11-03,Delivered
2697,1273,2024-10-27,Delivered
2698,1376,2025-03-18,Delivered
2699,817,2024-10-24,Delivered
2700,450,2025-01-28,Delivered
2701,1703,2024-06-17,Delivered
2702,2661,2025-03-21,Cancelled
2703,2200,2024-01-18,Cancelled
2704,271,2024-07-05,Delivered
2705,1207,2024-05-16,Cancelled
2706,7,2024-03-17,Delivered
2707,903,2024-10-20,Delivered
2708,1989,2025-05-01,Delivered
2709,847,2024-03-29,Delivered
2710,2494,2025-04-28,Delivered
2711,1434,2025-04-12,Delivered
2712,1988,2025-04-27,Delivered
2713,2612,2024-01-04,Delivered
2714,2045,2025-06-24,Delivered
2715,2667,2024-08-21,Delivered
2716,2382,2024-11-21,Delivered
2717,1676,2024-06-15,Pending
2718,872,2024-10-06,Delivered
2719,874,2024-10-27,Delivered
2720,2591,2025-03-11,Delivered
2721,147,2024-07-05,Pending
2722,2806,2024-03-01,Delivered
2723,967,2024-11-16,Delivered
2724,2212,2025-03-03,Delivered
2725,980,2024-01-09,Delivered
2726,2842,2025-03-19,Delivered
2727,97,2025-03-14,Delivered
2728,1053,2024-11-11,Delivered
2729,2565,2025-06-01,Delivered
2730,792,2024-07-30,Delivered
2731,796,2024-03-13,Delivered
2732,2667,2024-12-24,Delivered
2733,2457,2024-11-28,Delivered
2734,294,2025-05-14,Delivered
2735,1708,2024-05-02,Pending
2736,646,2024-03-27,Delivered
2737,623,2025-01-05,Delivered
2738,1801,2024-06-18,Delivered
2739,339,2024-04-10,Delivered
2740,1411,2025-01-01,Delivered
2741,738,2024-04-11,Delivered
2742,2527,2025-03-30,Delivered
2743,1654,2024-06-18,Cancelled
2744,622,2024-12-22,Delivered
2745,2748,2024-11-11,Delivered
2746,2447,2024-11-18,Delivered
2747,769,2024-06-15,Delivered
2748,2881,2024-02-16,Cancelled
2749,779,2024-12-15,Delivered
2750,858,2024-08-24,Delivered
2751,1151,2025-06-17,Delivered
2752,465,2025-05-01,Delivered
2753,2062,2024-02-10,Delivered
2754,1660,2024-07-16,Delivered
2755,2662,2024-08-14,Delivered
2756,708,2024-07-27,Delivered
2757,476,2025-01-29,Pending
2758,1072,2024-07-14,Delivered
2759,397,2024-03-24,Delivered
2760,2824,2024-07-17,Delivered
2761,2152,2025-03-05,Delivered
2762,2353,2024-08-08,Delivered
2763,2229,2024-06-04,Pending
2764,709,2025-02-26,Delivered
2765,380,2024-02-06,Pending
2766,1281,2024-09-05,Delivered
2767,2453,2024-02-26,Delivered
2768,982,2024-11-27,Delivered
2769,18,2025-05-06,Delivered
2770,1958,2024-08-29,Delivered
2771,574,2025-06-19,Delivered
2772,1625,2025-04-22,Delivered
2773,31,2025-02-01,Delivered
2774,1533,2024-04-07,Delivered
2775,1178,2024-01-18,Delivered
2776,2599,2024-03-08,Pending
2777,2166,2024-07-09,Delivered
2778,95,2024-08-10,Pending
2779,2333,2024-04-24,Delivered
2780,2341,2025-06-15,Delivered
2781,1963,2025-02-09,Delivered
2782,2750,2025-01-17,Delivered
2783,2375,2024-12-21,Delivered
2784,633,2024-12-02,Delivered
2785,1138,2025-04-26,Cancelled
2786,1044,2024-08-01,Delivered
2787,1519,2024-03-17,Delivered
2788,2845,2024-06-10,Delivered
2789,1801,2024-05-04,Delivered
2790,919,2025-06-06,Delivered
2791,2806,2024-11-05,Pending
2792,2106,2024-08-21,Delivered
2793,770,2024-01-15,Delivered
2794,2691,2025-01-23,Delivered
2795,1023,2024-12-19,Delivered
2796,1554,2025-03-18,Cancelled
2797,1440,2024-03-12,Delivered
2798,2735,2024-12-25,Delivered
2799,769,2024-07-16,Pending
2800,989,2024-05-07,Delivered
2801,1959,2024-05-02,Cancelled
2802,2621,2024-06-06,Delivered
2803,316,2025-02-04,Cancelled
2804,603,2024-01-13,Cancelled
2805,2830,2025-06-01,Delivered
2806,2303,2025-06-13,Delivered
2807,1028,2025-06-12,Delivered
2808,1070,2025-03-31,Delivered
2809,1411,2024-06-25,Delivered
2810,2007,2024-08-08,Delivered
2811,1668,2024-03-10,Delivered
2812,2298,2025-05-02,Delivered
2813,149,2025-02-24,Cancelled
2814,2428,2024-03-24,Delivered
2815,163,2025-06-24,Delivered
2816,2602,2024-01-23,Delivered
2817,118,2025-02-23,Pending
2818,351,2024-03-14,Delivered
2819,519,2025-02-13,Delivered
2820,645,2025-04-27,Delivered
2821,1210,2025-06-02,Delivered
2822,1939,2024-03-28,Pending
2823,2651,2024-03-30,Delivered
2824,1579,2024-02-07,Delivered
2825,1601,2025-03-24,Delivered
2826,941,2024-04-11,Delivered
2827,2372,2024-08-01,Delivered
2828,313,2024-08-14,Delivered
2829,884,2024-07-10,Delivered
2830,271,2024-09-28,Delivered
2831,618,2024-07-09,Delivered
2832,1719,2024-05-08,Delivered
2833,342,2024-07-30,Delivered
2834,288,2025-03-15,Delivered
2835,2450,2024-03-05,Delivered
2836,329,2025-06-08,Cancelled
2837,1791,2024-08-11,Cancelled
2838,1050,2024-06-07,Delivered
2839,2667,2024-08-30,Cancelled
2840,2124,2025-05-23,Delivered
2841,168,2025-03-17,Delivered
2842,2664,2025-03-22,Delivered
2843,1249,2024-04-30,Delivered
2844,874,2025-04-28,Delivered
2845,2000,2025-01-20,Delivered
2846,2155,2024-02-02,Pending
2847,892,2024-08-21,Delivered
2848,1049,2025-03-31,Pending
2849,425,2024-10-17,Delivered
2850,1739,2024-11-15,Pending
2851,2862,2024-07-23,Delivered
2852,1258,2024-01-21,Delivered
2853,2982,2025-04-28,Delivered
2854,504,2025-02-15,Pending
2855,2353,2024-05-28,Delivered
2856,2749,2024-05-11,Delivered
2857,2065,2024-10-09,Cancelled
2858,308,2025-03-11,Delivered
2859,966,2024-02-17,Delivered
2860,248,2024-12-07,Delivered
2861,1773,2025-04-07,Delivered
2862,2993,2024-09-25,Cancelled
2863,1119,2024-01-29,Delivered
2864,456,2024-01-13,Delivered
2865,781,2024-03-29,Delivered
2866,1693,2025-04-30,Delivered
2867,1685,2024-09-07,Delivered
2868,671,2024-03-21,Delivered
2869,2229,2025-05-09,Delivered
2870,253,2025-03-29,Delivered
2871,1828,2024-03-21,Delivered
2872,1273,2025-01-10,Delivered
2873,346,2024-06-29,Cancelled
2874,1864,2024-02-07,Cancelled
2875,2001,2024-02-03,Delivered
2876,1313,2024-10-23,Cancelled
2877,2357,2025-04-05,Pending
2878,1533,2025-06-09,Delivered
2879,831,2025-01-20,Delivered
2880,2845,2025-05-18,Delivered
2881,2818,2024-05-08,Delivered
2882,270,2024-03-20,Delivered
2883,2824,2024-03-01,Delivered
2884,2295,2024-04-04,Delivered
2885,299,2025-02-15,Delivered
2886,1564,2024-03-24,Delivered
2887,93,2024-08-24,Cancelled
2888,1725,2025-02-16,Delivered
2889,2766,2025-05-21,Delivered
2890,1104,2024-03-28,Pending
2891,1533,2024-04-11,Delivered
2892,662,2024-02-05,Delivered
2893,1617,2024-03-02,Delivered
2894,2375,2024-08-01,Delivered
2895,623,2024-06-20,Delivered
2896,1651,2025-06-11,Delivered
2897,1059,2024-08-30,Delivered
2898,2229,2024-06-17,Delivered
2899,2114,2024-09-13,Delivered
2900,2098,2025-01-30,Pending
2901,1127,2024-07-03,Delivered
2902,1757,2024-03-19,Delivered
2903,1926,2024-08-17,Delivered
2904,2036,2024-12-05,Delivered
2905,1702,2024-06-21,Delivered
2906,2565,2024-11-13,Delivered
2907,726,2024-06-26,Cancelled
2908,152,2025-05-08,Delivered
2909,2885,2025-04-29,Delivered
2910,175,2025-01-26,Delivered
2911,2677,2025-04-02,Delivered
2912,1801,2024-03-06,Cancelled
2913,2716,2024-12-22,Delivered
2914,1673,2024-08-09,Delivered
2915,2437,2025-02-28,Delivered
2916,2165,2024-01-01,Cancelled
2917,1581,2024-04-12,Delivered
2918,1092,2024-05-11,Delivered
2919,2,2024-10-31,Delivered
2920,735,2025-06-14,Pending
2921,2840,2025-05-04,Delivered
2922,796,2024-09-05,Delivered
2923,2229,2024-01-01,Delivered
2924,1533,2025-04-18,Delivered
2925,906,2024-11-08,Delivered
2926,2967,2024-01-13,Delivered
2927,123,2024-12-18,Delivered
2928,1710,2025-04-25,Delivered
2929,1380,2025-04-20,Cancelled
2930,218,2025-04-30,Cancelled
2931,618,2025-06-16,Delivered
2932,2085,2024-12-22,Delivered
2933,305,2024-11-30,Delivered
2934,2374,2024-03-04,Delivered
2935,1839,2024-12-11,Pending
2936,289,2025-04-23,Delivered
2937,835,2025-03-19,Delivered
2938,376,2025-05-06,Delivered
2939,2357,2024-04-02,Delivered
2940,1603,2024-04-19,Delivered
2941,2,2025-04-13,Pending
2942,1625,2025-05-28,Delivered
2943,1453,2024-10-14,Delivered
2944,1902,2025-04-26,Cancelled
2945,93,2025-01-07,Delivered
2946,94,2024-04-21,Delivered
2947,1039,2024-10-03,Delivered
2948,2067,2024-08-03,Delivered
2949,1977,2025-03-07,Delivered
2950,807,2024-07-02,Delivered
2951,625,2024-04-05,Pending
2952,2048,2024-09-29,Cancelled
2953,65,2024-09-27,Delivered
2954,1659,2025-04-30,Delivered
2955,1273,2024-01-05,Delivered
2956,699,2025-04-22,Delivered
2957,1564,2024-04-25,Delivered
2958,628,2024-04-05,Delivered
2959,1673,2024-08-16,Delivered
2960,400,2024-10-27,Cancelled
2961,1223,2025-05-22,Delivered
2962,1534,2024-10-18,Delivered
2963,85,2024-03-20,Cancelled
2964,1798,2024-09-02,Cancelled
2965,2229,2025-05-17,Delivered
2966,2860,2025-01-25,Delivered
2967,588,2024-04-28,Cancelled
2968,597,2024-12-18,Delivered
2969,895,2025-02-04,Delivered
2970,2644,2024-05-30,Delivered
2971,1225,2024-10-15,Delivered
2972,887,2024-07-09,Pending
2973,2213,2024-04-08,Pending
2974,100,2025-04-30,Delivered
2975,1636,2024-06-24,Delivered
2976,1340,2024-06-26,Cancelled
2977,1838,2024-02-25,Delivered
2978,2185,2024-08-30,Delivered
2979,963,2024-12-17,Delivered
2980,1868,2025-06-15,Delivered
2981,1579,2025-02-27,Delivered
2982,369,2025-04-13,Delivered
2983,2604,2025-06-23,Cancelled
2984,2229,2025-01-16,Pending
2985,2726,2025-04-13,Delivered
2986,2162,2024-06-14,Delivered
2987,716,2025-01-25,Delivered
2988,1284,2024-12-09,Delivered
2989,1157,2024-09-03,Delivered
2990,95,2024-12-16,Delivered
2991,1240,2025-01-28,Delivered
2992,1024,2024-08-12,Delivered
2993,2,2025-04-05,Cancelled
2994,2513,2024-01-20,Delivered
2995,391,2024-06-25,Delivered
2996,1504,2024-07-19,Delivered
2997,2326,2025-03-29,Delivered
2998,1778,2024-10-04,Delivered
2999,471,2025-05-24,Delivered
3000,1809,2025-06-02,Cancelled
3001,2229,2024-09-07,Delivered
3002,2529,2025-02-01,Delivered
3003,939,2024-05-14,Delivered
3004,92,2024-02-28,Delivered
3005,1791,2024-09-25,Delivered
3006,653,2024-06-13,Delivered
3007,2312,2025-02-03,Delivered
3008,2031,2024-10-11,Cancelled
3009,2281,2024-03-15,Delivered
3010,2902,2024-09-03,Cancelled
3011,1716,2024-08-07,Delivered
3012,2682,2024-01-03,Delivered
3013,1898,2024-10-24,Delivered
3014,520,2025-05-25,Delivered
3015,2367,2025-05-04,Delivered
3016,2083,2025-05-08,Delivered
3017,2932,2025-05-03,Delivered
3018,710,2025-05-19,Delivered
3019,989,2024-02-23,Delivered
3020,2439,2024-08-21,Cancelled
3021,178,2024-10-24,Delivered
3022,1861,2025-03-31,Delivered
3023,1609,2024-07-22,Delivered
3024,467,2025-01-21,Delivered
3025,465,2025-03-02,Delivered
3026,2394,2024-10-06,Delivered
3027,31,2024-05-11,Delivered
3028,2229,2024-02-12,Cancelled
3029,2190,2024-08-30,Delivered
3030,1919,2024-04-01,Delivered
3031,1237,2024-12-17,Delivered
3032,67,2024-05-10,Delivered
3033,2375,2025-04-23,Delivered
3034,341,2025-05-04,Delivered
3035,821,2025-04-01,Delivered
3036,2826,2024-12-29,Cancelled
3037,887,2024-03-04,Delivered
3038,738,2025-06-20,Delivered
3039,2919,2024-02-05,Delivered
3040,248,2024-11-05,Cancelled
3041,444,2025-03-15,Delivered
3042,1308,2024-02-16,Delivered
3043,2331,2024-09-28,Delivered
3044,2613,2024-09-17,Delivered
3045,2229,2024-04-17,Delivered
3046,2929,2024-03-02,Cancelled
3047,35,2025-05-11,Delivered
3048,1813,2025-05-07,Cancelled
3049,319,2024-02-21,Delivered
3050,2693,2024-06-01,Delivered
3051,2774,2024-08-02,Delivered
3052,892,2024-04-17,Delivered
3053,2453,2024-02-06,Delivered
3054,1856,2024-10-06,Delivered
3055,287,2024-08-29,Delivered
3056,1775,2025-03-16,Delivered
3057,2929,2024-06-10,Delivered
3058,904,2024-10-05,Delivered
3059,2,2024-06-20,Delivered
3060,2929,2024-01-21,Delivered
3061,1250,2025-02-01,Delivered
3062,1285,2025-02-09,Delivered
3063,2139,2024-12-28,Delivered
3064,1778,2024-01-19,Delivered
3065,889,2025-01-15,Delivered
3066,285,2024-11-25,Delivered
3067,2453,2024-08-28,Cancelled
3068,1454,2024-12-02,Delivered
3069,1996,2024-03-01,Delivered
3070,2542,2024-04-23,Delivered
3071,36,2024-03-11,Delivered
3072,2541,2024-08-31,Delivered
3073,2229,2025-05-03,Delivered
3074,2826,2024-01-04,Delivered
3075,681,2024-08-31,Delivered
3076,955,2024-06-03,Delivered
3077,1959,2025-05-26,Delivered
3078,2745,2024-12-04,Delivered
3079,2969,2024-05-01,Delivered
3080,1258,2024-06-04,Delivered
3081,1614,2024-11-13,Delivered
3082,478,2024-01-27,Delivered
3083,2085,2024-02-06,Pending
3084,2482,2025-01-03,Delivered
3085,2361,2025-03-14,Delivered
3086,1027,2025-02-09,Delivered
3087,2887,2024-04-03,Delivered
3088,333,2025-04-16,Delivered
3089,1489,2024-05-02,Delivered
3090,1654,2025-04-23,Delivered
3091,1609,2024-06-10,Delivered
3092,2229,2024-09-27,Delivered
3093,1798,2025-06-06,Delivered
3094,219,2024-08-10,Cancelled
3095,519,2024-12-30,Delivered
3096,1599,2024-11-15,Delivered
3097,2086,2024-02-10,Cancelled
3098,1550,2025-03-08,Delivered
3099,1062,2024-07-14,Delivered
3100,138,2024-09-16,Delivered
3101,2328,2024-06-15,Cancelled
3102,1493,2025-06-27,Delivered
3103,1614,2024-10-27,Delivered
3104,1409,2024-12-14,Delivered
3105,769,2024-10-12,Delivered
3106,797,2024-06-17,Delivered
3107,178,2024-11-16,Delivered
3108,2124,2025-03-09,Delivered
3109,787,2024-02-21,Delivered
3110,876,2024-03-23,Delivered
3111,2971,2024-03-30,Delivered
3112,1151,2025-05-25,Delivered
3113,1535,2024-11-10,Delivered
3114,1153,2024-07-04,Delivered
3115,847,2024-04-18,Delivered
3116,9,2025-01-09,Delivered
3117,2529,2024-10-13,Delivered
3118,1422,2024-12-07,Delivered
3119,2161,2025-01-25,Delivered
3120,2872,2024-02-22,Cancelled
3121,2,2025-01-05,Pending
3122,2014,2025-01-29,Pending
3123,329,2024-05-31,Delivered
3124,1373,2024-06-19,Delivered
3125,2513,2024-11-19,Delivered
3126,201,2024-07-27,Delivered
3127,2963,2025-05-23,Delivered
3128,1708,2024-02-22,Delivered
3129,1186,2024-04-02,Delivered
3130,36,2025-03-18,Delivered
3131,1719,2025-01-06,Cancelled
3132,1491,2025-04-14,Delivered
3133,623,2024-01-14,Delivered
3134,1475,2024-03-14,Delivered
3135,28,2025-04-01,Delivered
3136,2998,2025-03-19,Cancelled
3137,988,2025-03-26,Delivered
3138,1447,2025-05-05,Delivered
3139,2327,2024-05-05,Delivered
3140,2139,2024-02-23,Delivered
3141,2632,2024-06-10,Delivered
3142,2805,2025-06-28,Pending
3143,543,2024-10-09,Delivered
3144,1170,2024-01-03,Cancelled
3145,2062,2025-02-09,Delivered
3146,118,2025-04-04,Delivered
3147,2151,2024-03-07,Delivered
3148,7,2024-10-31,Delivered
3149,2709,2025-02-10,Delivered
3150,2156,2025-06-06,Delivered
3151,1673,2024-11-27,Delivered
3152,1279,2024-07-03,Delivered
3153,2959,2025-05-11,Delivered
3154,2202,2024-07-16,Delivered
3155,2380,2024-12-11,Delivered
3156,2450,2025-04-03,Delivered
3157,48,2024-10-16,Delivered
3158,149,2025-01-23,Cancelled
3159,567,2025-04-04,Delivered
3160,1937,2024-11-23,Delivered
3161,1833,2024-08-17,Delivered
3162,963,2024-12-17,Delivered
3163,2919,2024-08-06,Delivered
3164,265,2025-01-07,Delivered
3165,2302,2024-02-14,Delivered
3166,1451,2024-01-27,Delivered
3167,1265,2024-09-16,Delivered
3168,59,2024-03-05,Delivered
3169,2180,2025-02-02,Delivered
3170,2278,2024-04-08,Delivered
3171,940,2024-09-29,Delivered
3172,1556,2024-04-06,Delivered
3173,1783,2025-05-18,Delivered
3174,1104,2025-04-05,Delivered
3175,1801,2024-01-01,Delivered
3176,1296,2024-08-03,Delivered
3177,2598,2025-05-29,Delivered
3178,2157,2024-09-24,Delivered
3179,313,2025-04-05,Delivered
3180,2369,2024-02-18,Delivered
3181,1007,2024-08-22,Pending
3182,2775,2025-04-20,Delivered
3183,1778,2024-04-16,Delivered
3184,65,2024-01-06,Delivered
3185,2196,2025-02-04,Delivered
3186,361,2024-02-15,Delivered
3187,2598,2024-06-13,Delivered
3188,2831,2025-03-19,Delivered
3189,2090,2025-05-01,Delivered
3190,1603,2024-03-12,Delivered
3191,1775,2024-09-28,Pending
3192,1279,2025-03-09,Delivered
3193,244,2024-08-01,Delivered
3194,2750,2024-07-10,Delivered
3195,976,2024-10-23,Delivered
3196,919,2025-02-27,Delivered
3197,553,2024-01-23,Delivered
3198,2969,2024-01-28,Delivered
3199,2810,2024-02-28,Cancelled
3200,1039,2024-07-05,Cancelled
3201,755,2024-05-31,Cancelled
3202,2378,2024-09-19,Delivered
3203,1273,2024-06-13,Delivered
3204,2903,2024-12-07,Pending
3205,2673,2024-06-24,Delivered
3206,2230,2025-04-01,Delivered
3207,255,2024-06-18,Delivered
3208,2114,2024-05-13,Delivered
3209,2955,2025-04-14,Delivered
3210,1117,2024-12-25,Delivered
3211,2603,2024-01-27,Delivered
3212,1232,2024-03-23,Delivered
3213,2916,2024-01-27,Cancelled
3214,1930,2025-03-10,Cancelled
3215,271,2024-12-08,Delivered
3216,1439,2025-05-24,Delivered
3217,137,2024-06-28,Delivered
3218,1186,2024-01-26,Delivered
3219,2709,2024-09-07,Delivered
3220,677,2024-02-13,Delivered
3221,2834,2024-03-19,Delivered
3222,284,2025-03-05,Delivered
3223,1968,2024-07-25,Delivered
3224,2898,2025-04-25,Delivered
3225,1934,2024-10-07,Delivered
3226,2667,2024-12-19,Delivered
3227,2967,2025-03-31,Cancelled
3228,1898,2024-09-08,Delivered
3229,2313,2024-06-23,Delivered
3230,87,2025-02-23,Delivered
3231,1277,2025-03-29,Delivered
3232,841,2024-06-12,Delivered
3233,2450,2025-03-25,Delivered
3234,2022,2025-06-25,Delivered
3235,1801,2024-04-15,Delivered
3236,2761,2025-04-08,Delivered
3237,254,2024-02-17,Delivered
3238,2845,2025-04-29,Delivered
3239,289,2025-05-01,Delivered
3240,1030,2025-04-11,Delivered
3241,1856,2024-07-09,Delivered
3242,1015,2025-05-24,Delivered
3243,2044,2024-10-29,Delivered
3244,2295,2024-02-05,Delivered
3245,2453,2025-04-08,Cancelled
3246,514,2025-05-11,Delivered
3247,520,2024-06-14,Delivered
3248,143,2024-05-15,Delivered
3249,1477,2024-11-06,Delivered
3250,376,2024-07-15,Delivered
3251,938,2024-12-14,Delivered
3252,2493,2024-07-21,Delivered
3253,2833,2024-04-28,Delivered
3254,2443,2024-05-06,Delivered
3255,2,2024-12-25,Cancelled
3256,1682,2024-08-27,Delivered
3257,465,2024-01-09,Delivered
3258,1123,2024-10-03,Delivered
3259,1278,2025-03-06,Delivered
3260,2813,2024-03-22,Delivered
3261,1864,2024-05-13,Delivered
3262,779,2024-07-15,Delivered
3263,1901,2025-05-21,Delivered
3264,2840,2024-07-09,Delivered
3265,166,2025-04-02,Delivered
3266,2419,2025-01-03,Delivered
3267,627,2025-06-25,Delivered
3268,413,2024-11-13,Delivered
3269,2667,2024-06-22,Delivered
3270,2,2025-01-25,Cancelled
3271,2213,2024-02-19,Delivered
3272,252,2025-03-04,Delivered
3273,1808,2024-05-07,Cancelled
3274,1818,2024-12-30,Cancelled
3275,2549,2024-11-12,Delivered
3276,2445,2024-05-11,Delivered
3277,2058,2024-09-19,Delivered
3278,1138,2024-10-01,Pending
3279,465,2025-02-22,Delivered
3280,1865,2024-09-11,Delivered
3281,1492,2024-02-01,Delivered
3282,222,2024-02-10,Delivered
3283,2856,2024-12-28,Delivered
3284,924,2025-05-03,Pending
3285,2,2024-08-25,Delivered
3286,2675,2024-02-19,Delivered
3287,1702,2024-04-03,Delivered
3288,2190,2025-06-17,Delivered
3289,411,2025-01-19,Delivered
3290,1221,2024-01-18,Delivered
3291,1909,2024-05-21,Delivered
3292,736,2025-02-02,Delivered
3293,2111,2024-12-10,Delivered
3294,681,2024-06-06,Pending
3295,600,2025-01-15,Delivered
3296,24,2025-05-08,Cancelled
3297,825,2025-05-06,Delivered
3298,719,2025-03-25,Delivered
3299,2252,2024-07-12,Delivered
3300,1688,2024-01-14,Pending
3301,508,2024-08-01,Delivered
3302,1682,2024-01-12,Delivered
3303,652,2024-11-07,Delivered
3304,1273,2024-11-25,Delivered
3305,2629,2024-07-05,Delivered
3306,2159,2024-03-22,Delivered
3307,1926,2024-10-13,Delivered
3308,823,2024-01-08,Cancelled
3309,339,2024-05-30,Cancelled
3310,2229,2025-06-12,Pending
3311,1681,2025-05-14,Delivered
3312,1826,2024-12-11,Delivered
3313,2923,2024-07-23,Delivered
3314,1036,2024-01-06,Cancelled
3315,2372,2024-12-20,Delivered
3316,1663,2024-09-24,Delivered
3317,683,2025-01-24,Delivered
3318,144,2024-03-27,Delivered
3319,1801,2025-03-29,Delivered
3320,873,2025-03-15,Delivered
3321,2090,2024-08-21,Delivered
3322,2111,2024-01-16,Delivered
3323,1360,2024-09-11,Delivered
3324,1609,2024-07-21,Delivered
3325,1848,2025-02-19,Pending
3326,1408,2024-05-09,Pending
3327,2598,2024-01-10,Delivered
3328,217,2025-06-19,Delivered
3329,2939,2024-05-11,Delivered
3330,92,2024-02-12,Delivered
3331,597,2025-04-12,Delivered
3332,2128,2025-01-28,Delivered
3333,246,2024-05-26,Delivered
3334,758,2024-09-18,Delivered
3335,417,2025-01-10,Pending
3336,2172,2025-03-21,Delivered
3337,1703,2024-07-22,Delivered
3338,182,2024-04-26,Delivered
3339,1374,2024-01-09,Delivered
3340,597,2025-04-11,Delivered
3341,2902,2025-03-20,Delivered
3342,303,2025-06-02,Delivered
3343,1750,2025-02-12,Delivered
3344,1453,2024-04-26,Delivered
3345,1702,2024-05-11,Delivered
3346,2861,2024-05-12,Cancelled
3347,1015,2024-09-07,Delivered
3348,2229,2025-06-10,Pending
3349,1335,2025-01-12,Delivered
3350,1959,2024-08-25,Delivered
3351,1099,2025-02-06,Delivered
3352,660,2025-04-01,Delivered
3353,244,2024-08-08,Cancelled
3354,290,2025-04-04,Delivered
3355,2876,2024-01-11,Delivered
3356,2332,2024-06-18,Pending
3357,716,2024-04-02,Pending
3358,1592,2024-04-07,Delivered
3359,2146,2024-04-20,Delivered
3360,1052,2024-07-19,Delivered
3361,1313,2025-01-30,Delivered
3362,2157,2024-11-19,Delivered
3363,661,2024-08-28,Delivered
3364,1581,2024-09-28,Delivered
3365,603,2024-04-10,Cancelled
3366,2,2025-02-06,Delivered
3367,2073,2025-02-16,Delivered
3368,2122,2024-10-26,Pending
3369,2979,2025-03-20,Delivered
3370,520,2025-03-15,Delivered
3371,2213,2025-03-15,Cancelled
3372,2830,2024-02-26,Pending
3373,1906,2024-02-17,Delivered
3374,2887,2024-08-27,Delivered
3375,2974,2024-02-01,Delivered
3376,2374,2024-01-09,Delivered
3377,2998,2024-03-12,Delivered
3378,1845,2024-03-06,Delivered
3379,1492,2024-06-26,Delivered
3380,2715,2024-06-30,Delivered
3381,2457,2025-03-23,Cancelled
3382,312,2025-05-07,Delivered
3383,892,2024-04-02,Delivered
3384,757,2024-07-26,Delivered
3385,2529,2024-10-04,Delivered
3386,681,2024-05-29,Delivered
3387,893,2024-06-29,Cancelled
3388,1561,2025-01-01,Delivered
3389,217,2024-08-20,Delivered
3390,2881,2025-01-19,Delivered
3391,1478,2024-02-10,Delivered
3392,547,2024-09-19,Delivered
3393,787,2024-06-18,Delivered
3394,2357,2024-06-06,Pending
3395,1864,2024-09-12,Delivered
3396,1394,2024-06-13,Delivered
3397,984,2025-02-17,Delivered
3398,2671,2024-04-11,Delivered
3399,2281,2025-05-02,Delivered
3400,2155,2024-07-16,Delivered
3401,1332,2024-10-14,Pending
3402,2941,2024-04-01,Delivered
3403,2132,2025-05-16,Pending
3404,1273,2024-12-17,Delivered
3405,2879,2025-02-24,Delivered
3406,2665,2025-05-03,Delivered
3407,2213,2025-06-27,Cancelled
3408,2259,2024-05-18,Delivered
3409,1273,2024-06-28,Delivered
3410,1529,2024-05-12,Delivered
3411,554,2024-09-30,Delivered
3412,1744,2025-05-05,Delivered
3413,1104,2025-02-07,Delivered
3414,1032,2024-11-06,Delivered
3415,2831,2024-09-15,Delivered
3416,465,2025-02-02,Delivered
3417,2453,2024-09-12,Delivered
3418,823,2025-04-30,Delivered
3419,72,2024-11-01,Delivered
3420,105,2024-12-29,Delivered
3421,1280,2025-01-05,Cancelled
3422,1356,2025-02-09,Delivered
3423,945,2024-09-17,Delivered
3424,1986,2024-07-30,Delivered
3425,1458,2024-08-14,Delivered
3426,213,2025-05-27,Delivered
3427,1034,2024-02-29,Pending
3428,290,2025-01-19,Delivered
3429,178,2025-06-08,Delivered
3430,597,2024-02-09,Delivered
3431,2110,2024-12-03,Cancelled
3432,2090,2024-11-20,Delivered
3433,2542,2024-07-01,Delivered
3434,2229,2024-02-21,Cancelled
3435,1609,2025-01-04,Delivered
3436,916,2024-10-12,Delivered
3437,9,2025-02-14,Pending
3438,1915,2024-02-18,Delivered
3439,844,2025-05-25,Delivered
3440,732,2024-12-08,Cancelled
3441,2923,2024-08-29,Delivered
3442,493,2024-09-06,Delivered
3443,90,2025-06-03,Delivered
3444,2834,2024-10-28,Delivered
3445,897,2024-11-12,Delivered
3446,1177,2024-12-20,Delivered
3447,235,2024-06-19,Delivered
3448,1220,2024-05-16,Delivered
3449,2918,2025-02-14,Delivered
3450,2085,2024-06-23,Delivered
3451,1424,2024-01-19,Cancelled
3452,901,2024-09-20,Delivered
3453,1100,2024-01-06,Cancelled
3454,1799,2024-11-05,Delivered
3455,738,2024-12-17,Delivered
3456,410,2025-05-19,Delivered
3457,2090,2024-11-27,Delivered
3458,2577,2024-07-11,Delivered
3459,2674,2024-12-16,Delivered
3460,2497,2024-11-19,Delivered
3461,1595,2025-02-08,Cancelled
3462,2333,2025-05-18,Delivered
3463,2748,2024-02-22,Cancelled
3464,54,2025-01-26,Delivered
3465,1246,2025-03-15,Delivered
3466,592,2024-06-28,Delivered
3467,2985,2024-08-08,Delivered
3468,2752,2024-08-14,Delivered
3469,2375,2024-07-22,Delivered
3470,869,2025-04-24,Delivered
3471,2841,2024-06-27,Delivered
3472,74,2024-08-26,Delivered
3473,539,2024-11-15,Delivered
3474,1803,2024-05-17,Cancelled
3475,2344,2025-01-16,Delivered
3476,2611,2024-10-12,Delivered
3477,882,2024-04-02,Delivered
3478,1170,2024-04-11,Delivered
3479,1358,2024-01-15,Delivered
3480,65,2024-11-13,Delivered
3481,2557,2025-03-13,Delivered
3482,1008,2025-06-25,Delivered
3483,571,2024-12-26,Delivered
3484,1235,2025-06-13,Cancelled
3485,2134,2025-06-23,Delivered
3486,2580,2024-12-01,Delivered
3487,624,2024-07-23,Delivered
3488,486,2025-04-28,Delivered
3489,2818,2024-12-11,Delivered
3490,1639,2025-03-21,Delivered
3491,1099,2024-05-03,Delivered
3492,571,2025-06-03,Delivered
3493,2979,2024-08-22,Delivered
3494,2159,2025-04-21,Delivered
3495,629,2024-07-23,Delivered
3496,257,2025-05-06,Pending
3497,571,2025-01-02,Delivered
3498,722,2024-05-05,Delivered
3499,313,2024-03-22,Delivered
3500,671,2024-03-27,Pending
3501,322,2024-07-23,Delivered
3502,1127,2024-01-25,Delivered
3503,1461,2024-10-26,Pending
3504,1360,2024-12-25,Delivered
3505,2453,2025-02-10,Cancelled
3506,738,2025-05-24,Delivered
3507,2621,2025-03-13,Delivered
3508,2692,2025-06-26,Delivered
3509,2876,2024-11-25,Delivered
3510,520,2025-04-10,Delivered
3511,717,2025-02-26,Delivered
3512,1833,2025-03-29,Delivered
3513,381,2024-08-12,Delivered
3514,247,2024-10-10,Cancelled
3515,210,2025-05-14,Delivered
3516,1783,2024-09-03,Delivered
3517,2377,2024-11-27,Delivered
3518,750,2024-12-15,Pending
3519,2766,2024-04-10,Cancelled
3520,2341,2024-01-13,Pending
3521,221,2025-01-14,Delivered
3522,1228,2025-03-09,Delivered
3523,192,2024-11-14,Delivered
3524,2709,2024-12-24,Delivered
3525,2220,2024-02-06,Delivered
3526,2060,2024-04-02,Delivered
3527,2045,2025-02-06,Delivered
3528,831,2024-12-13,Delivered
3529,2766,2024-04-18,Delivered
3530,2733,2024-11-23,Delivered
3531,2213,2024-01-20,Delivered
3532,1409,2025-03-06,Delivered
3533,124,2024-01-15,Delivered
3534,67,2025-04-02,Delivered
3535,376,2024-05-02,Delivered
3536,1745,2024-05-18,Delivered
3537,2357,2025-05-20,Delivered
3538,2832,2025-03-20,Delivered
3539,499,2024-07-02,Delivered
3540,796,2024-04-09,Delivered
3541,149,2024-02-29,Delivered
3542,2961,2024-08-03,Delivered
3543,2312,2024-11-13,Delivered
3544,1450,2024-09-25,Delivered
3545,1702,2025-05-04,Delivered
3546,1669,2025-03-15,Delivered
3547,738,2024-05-22,Delivered
3548,535,2025-05-06,Delivered
3549,871,2024-09-09,Delivered
3550,722,2024-01-10,Cancelled
3551,1661,2025-04-09,Cancelled
3552,904,2025-02-06,Delivered
3553,2181,2024-07-13,Delivered
3554,1681,2025-04-24,Delivered
3555,1599,2025-05-09,Delivered
3556,2836,2025-06-05,Delivered
3557,955,2025-05-13,Delivered
3558,1864,2024-05-26,Pending
3559,1,2024-10-31,Delivered
3560,2205,2024-04-04,Cancelled
3561,1510,2025-01-07,Pending
3562,597,2024-09-29,Delivered
3563,2,2025-04-25,Delivered
3564,2120,2025-05-06,Delivered
3565,1963,2024-06-22,Delivered
3566,1970,2024-06-21,Cancelled
3567,1305,2024-01-18,Pending
3568,1890,2024-10-02,Delivered
3569,1693,2024-07-29,Delivered
3570,696,2025-06-27,Delivered
3571,1561,2025-03-22,Delivered
3572,1551,2024-09-05,Delivered
3573,2450,2024-11-06,Delivered
3574,1295,2024-12-09,Delivered
3575,1298,2025-05-08,Delivered
3576,2945,2025-06-27,Delivered
3577,2662,2024-08-16,Delivered
3578,709,2024-07-19,Delivered
3579,2693,2025-01-24,Delivered
3580,376,2024-05-29,Delivered
3581,2525,2024-03-17,Delivered
3582,527,2024-06-03,Cancelled
3583,1273,2024-06-21,Delivered
3584,2945,2024-12-02,Delivered
3585,271,2025-02-05,Delivered
3586,2490,2024-03-29,Cancelled
3587,1490,2024-01-25,Delivered
3588,313,2024-03-30,Delivered
3589,2842,2025-05-12,Pending
3590,1637,2024-05-22,Delivered
3591,2600,2024-10-15,Delivered
3592,2576,2024-10-22,Delivered
3593,31,2024-05-31,Delivered
3594,768,2025-04-05,Delivered
3595,1005,2024-02-05,Delivered
3596,1605,2024-10-15,Cancelled
3597,202,2024-08-13,Delivered
3598,1162,2025-03-03,Cancelled
3599,2415,2024-04-17,Delivered
3600,488,2025-06-06,Delivered
3601,2111,2025-03-08,Delivered
3602,1374,2025-02-08,Delivered
3603,195,2024-09-27,Delivered
3604,507,2024-12-16,Pending
3605,381,2024-04-23,Delivered
3606,1813,2024-01-05,Delivered
3607,252,2025-02-11,Delivered
3608,2448,2024-09-01,Delivered
3609,2380,2024-07-11,Delivered
3610,231,2024-05-26,Delivered
3611,2629,2024-12-04,Delivered
3612,2873,2024-10-06,Delivered
3613,118,2025-01-03,Delivered
3614,2834,2025-06-03,Delivered
3615,814,2025-04-01,Cancelled
3616,1967,2024-06-23,Delivered
3617,496,2024-05-12,Delivered
3618,2423,2024-03-28,Pending
3619,2499,2024-11-06,Delivered
3620,2932,2025-03-26,Delivered
3621,2969,2024-05-18,Delivered
3622,217,2025-06-24,Cancelled
3623,1946,2024-08-22,Delivered
3624,789,2025-03-01,Pending
3625,341,2024-06-11,Pending
3626,399,2024-03-16,Pending
3627,2780,2024-10-06,Delivered
3628,2049,2024-10-27,Delivered
3629,137,2024-09-18,Pending
3630,2945,2024-08-09,Delivered
3631,2381,2024-12-20,Delivered
3632,909,2024-12-11,Delivered
3633,1413,2024-03-23,Delivered
3634,2179,2024-12-31,Delivered
3635,2019,2024-06-30,Pending
3636,1389,2025-03-16,Delivered
3637,1542,2024-09-28,Delivered
3638,117,2024-05-11,Delivered
3639,1504,2024-04-08,Delivered
3640,1014,2025-06-10,Delivered
3641,831,2025-01-27,Delivered
3642,786,2024-04-27,Delivered
3643,1918,2024-09-30,Cancelled
3644,1281,2024-03-08,Pending
3645,1273,2025-03-31,Delivered
3646,436,2025-03-28,Delivered
3647,2883,2025-03-14,Delivered
3648,646,2024-09-09,Delivered
3649,1224,2024-03-31,Delivered
3650,547,2024-09-24,Cancelled
3651,2118,2024-10-05,Delivered
3652,1298,2024-06-23,Cancelled
3653,1248,2024-07-25,Delivered
3654,2589,2024-01-26,Pending
3655,2230,2024-10-12,Delivered
3656,1564,2024-04-15,Cancelled
3657,1408,2025-04-04,Delivered
3658,2877,2025-02-19,Delivered
3659,2861,2024-11-25,Delivered
3660,2119,2024-05-02,Delivered
3661,2231,2024-12-30,Pending
3662,2667,2025-06-25,Cancelled
3663,2892,2024-12-10,Delivered
3664,240,2025-03-05,Delivered
3665,2987,2025-05-06,Pending
3666,2117,2025-04-08,Delivered
3667,1738,2024-03-29,Delivered
3668,1247,2025-04-21,Delivered
3669,1005,2025-02-21,Delivered
3670,2376,2025-01-27,Delivered
3671,1934,2024-05-04,Delivered
3672,577,2024-09-11,Delivered
3673,1798,2025-05-08,Delivered
3674,381,2025-05-15,Delivered
3675,1491,2024-03-03,Cancelled
3676,1714,2024-08-20,Delivered
3677,1865,2024-11-26,Pending
3678,395,2024-02-22,Delivered
3679,270,2024-05-14,Delivered
3680,750,2024-11-21,Delivered
3681,1784,2024-12-24,Cancelled
3682,2761,2024-02-27,Delivered
3683,2308,2024-08-19,Delivered
3684,2228,2024-12-23,Delivered
3685,980,2025-06-24,Delivered
3686,313,2025-06-28,Cancelled
3687,2649,2024-06-18,Delivered
3688,1504,2025-01-03,Delivered
3689,287,2024-10-28,Delivered
3690,1605,2024-04-24,Delivered
3691,2017,2024-10-04,Pending
3692,942,2024-03-16,Delivered
3693,18,2024-03-06,Pending
3694,1820,2024-07-13,Delivered
3695,105,2024-05-22,Delivered
3696,1294,2024-03-20,Delivered
3697,2450,2024-01-29,Delivered
3698,2996,2024-11-07,Delivered
3699,1105,2024-01-04,Delivered
3700,40,2025-03-03,Delivered
3701,1486,2024-02-09,Delivered
3702,797,2024-12-25,Delivered
3703,2651,2024-03-22,Delivered
3704,2137,2024-12-02,Delivered
3705,1220,2024-03-18,Delivered
3706,2239,2024-08-25,Delivered
3707,1014,2024-12-26,Cancelled
3708,1570,2024-04-04,Delivered
3709,2733,2024-03-13,Delivered
3710,574,2024-12-14,Delivered
3711,919,2024-12-15,Delivered
3712,2617,2024-08-16,Delivered
3713,1382,2024-03-07,Delivered
3714,934,2024-06-15,Delivered
3715,99,2024-04-28,Delivered
3716,1265,2024-12-25,Delivered
3717,1504,2024-06-13,Cancelled
3718,1224,2024-07-25,Delivered
3719,802,2024-05-22,Delivered
3720,1104,2024-04-01,Delivered
3721,1899,2025-03-19,Delivered
3722,2647,2024-09-20,Delivered
3723,1919,2024-11-07,Delivered
3724,1913,2024-06-06,Cancelled
3725,2420,2024-02-17,Delivered
3726,465,2025-02-04,Delivered
3727,884,2025-01-29,Delivered
3728,137,2024-01-26,Pending
3729,1042,2025-04-28,Delivered
3730,2996,2025-04-10,Delivered
3731,977,2025-04-08,Cancelled
3732,2542,2024-09-08,Cancelled
3733,248,2025-01-13,Delivered
3734,1374,2024-01-09,Delivered
3735,1048,2024-11-22,Delivered
3736,580,2024-03-13,Delivered
3737,1112,2025-05-11,Delivered
3738,1927,2025-05-31,Delivered
3739,1475,2024-03-23,Cancelled
3740,2507,2024-10-20,Delivered
3741,2685,2024-11-19,Delivered
3742,1453,2025-02-23,Cancelled
3743,2941,2024-09-23,Delivered
3744,202,2025-04-26,Pending
3745,797,2024-07-07,Delivered
3746,1258,2024-06-23,Delivered
3747,1713,2025-02-02,Delivered
3748,1631,2024-10-25,Delivered
3749,1682,2024-02-14,Delivered
3750,2666,2024-12-21,Delivered
3751,804,2024-06-01,Delivered
3752,2420,2025-04-04,Delivered
3753,1663,2025-04-01,Delivered
3754,1476,2024-08-17,Delivered
3755,878,2025-04-10,Delivered
3756,893,2025-06-03,Delivered
3757,1161,2025-02-02,Delivered
3758,2249,2024-11-27,Delivered
3759,1433,2025-05-24,Cancelled
3760,417,2025-04-22,Delivered
3761,2231,2024-09-17,Delivered
3762,1963,2024-02-15,Delivered
3763,2834,2024-11-24,Delivered
3764,1592,2024-09-09,Delivered
3765,1934,2024-07-18,Delivered
3766,1440,2024-04-07,Delivered
3767,2036,2025-01-26,Delivered
3768,1298,2025-05-12,Delivered
3769,376,2024-11-22,Cancelled
3770,2952,2024-05-08,Delivered
3771,2162,2024-01-01,Cancelled
3772,1793,2025-01-24,Delivered
3773,1453,2024-03-27,Delivered
3774,2137,2024-02-04,Delivered
3775,345,2024-04-17,Delivered
3776,964,2024-04-19,Delivered
3777,339,2024-07-04,Delivered
3778,342,2024-06-23,Delivered
3779,46,2024-04-17,Delivered
3780,2229,2025-03-02,Delivered
3781,661,2025-03-27,Delivered
3782,2461,2024-05-17,Pending
3783,2682,2024-07-20,Delivered
3784,465,2025-03-22,Delivered
3785,2129,2025-06-04,Delivered
3786,1374,2025-03-06,Cancelled
3787,2716,2024-10-29,Pending
3788,1454,2025-06-25,Delivered
3789,1130,2025-01-31,Delivered
3790,860,2025-01-04,Delivered
3791,2679,2024-01-17,Delivered
3792,656,2024-12-14,Delivered
3793,2453,2024-06-06,Delivered
3794,560,2024-11-24,Delivered
3795,1903,2024-11-08,Delivered
3796,1344,2024-02-29,Delivered
3797,294,2024-09-08,Delivered
3798,342,2024-10-07,Delivered
3799,823,2024-01-26,Delivered
3800,2257,2025-04-09,Cancelled
3801,2181,2025-05-26,Delivered
3802,595,2024-01-12,Delivered
3803,1430,2024-03-06,Delivered
3804,271,2024-03-10,Cancelled
3805,2149,2024-08-28,Delivered
3806,2348,2024-11-23,Delivered
3807,2656,2024-05-11,Delivered
3808,2620,2025-04-07,Delivered
3809,1008,2024-06-18,Delivered
3810,738,2024-06-16,Delivered
3811,2667,2024-11-17,Delivered
3812,397,2025-04-20,Delivered
3813,168,2024-05-15,Delivered
3814,924,2024-07-03,Delivered
3815,2232,2024-07-03,Delivered
3816,2085,2024-09-11,Delivered
3817,2954,2024-08-22,Delivered
3818,1079,2025-06-04,Pending
3819,796,2024-03-20,Delivered
3820,1128,2024-08-16,Delivered
3821,2313,2024-05-18,Delivered
3822,619,2024-11-23,Delivered
3823,2830,2025-03-02,Delivered
3824,1543,2025-05-25,Delivered
3825,2317,2024-08-26,Delivered
3826,2453,2024-05-24,Delivered
3827,1439,2025-06-10,Delivered
3828,2213,2024-02-20,Delivered
3829,1098,2024-03-12,Delivered
3830,2396,2025-06-07,Pending
3831,2450,2025-04-28,Delivered
3832,1675,2024-11-01,Delivered
3833,629,2024-06-28,Cancelled
3834,2912,2025-06-11,Pending
3835,2828,2025-06-07,Delivered
3836,1815,2025-04-18,Delivered
3837,2945,2025-02-25,Delivered
3838,1512,2024-11-20,Delivered
3839,1121,2024-07-21,Delivered
3840,1374,2024-09-14,Delivered
3841,119,2024-10-23,Delivered
3842,1637,2024-09-19,Delivered
3843,1973,2025-04-15,Cancelled
3844,309,2024-03-31,Delivered
3845,738,2024-02-15,Delivered
3846,2165,2024-09-04,Delivered
3847,2348,2024-04-22,Delivered
3848,2950,2025-03-24,Delivered
3849,738,2025-04-08,Delivered
3850,2497,2025-06-23,Delivered
3851,485,2024-07-29,Delivered
3852,363,2025-06-08,Delivered
3853,2182,2024-02-25,Delivered
3854,1332,2025-06-09,Delivered
3855,2350,2024-05-14,Delivered
3856,828,2024-01-11,Delivered
3857,611,2025-03-26,Delivered
3858,1636,2024-10-08,Delivered
3859,317,2024-08-13,Delivered
3860,810,2024-04-19,Delivered
3861,465,2024-08-14,Delivered
3862,943,2024-12-01,Delivered
3863,2254,2024-03-19,Delivered
3864,333,2025-05-31,Delivered
3865,1801,2025-01-30,Delivered
3866,1716,2025-04-23,Delivered
3867,1613,2024-01-25,Cancelled
3868,1454,2025-04-18,Delivered
3869,1964,2025-04-17,Cancelled
3870,2523,2024-07-18,Pending
3871,453,2024-11-07,Delivered
3872,2411,2024-09-30,Delivered
3873,177,2025-03-27,Delivered
3874,1453,2024-06-02,Delivered
3875,1538,2025-05-17,Pending
3876,565,2024-10-29,Pending
3877,255,2024-01-01,Delivered
3878,215,2024-06-14,Delivered
3879,99,2024-03-18,Delivered
3880,1697,2025-03-17,Delivered
3881,424,2024-08-11,Cancelled
3882,2385,2024-09-10,Delivered
3883,2667,2024-07-10,Delivered
3884,856,2025-01-17,Delivered
3885,465,2025-06-26,Delivered
3886,1237,2025-04-21,Delivered
3887,2603,2025-06-24,Delivered
3888,1207,2024-06-12,Delivered
3889,305,2024-12-28,Delivered
3890,2947,2024-12-05,Delivered
3891,1503,2024-06-14,Delivered
3892,1018,2025-04-06,Delivered
3893,2658,2025-05-17,Delivered
3894,2749,2025-06-03,Delivered
3895,1491,2025-06-23,Cancelled
3896,897,2024-03-30,Delivered
3897,1453,2024-03-21,Delivered
3898,635,2025-01-07,Delivered
3899,1435,2025-01-31,Delivered
3900,670,2024-08-25,Delivered
3901,1824,2024-03-30,Delivered
3902,2231,2024-06-04,Delivered
3903,2910,2024-03-11,Delivered
3904,2502,2024-03-27,Delivered
3905,248,2024-04-12,Delivered
3906,609,2024-11-15,Delivered
3907,1596,2024-10-07,Delivered
3908,750,2024-07-01,Delivered
3909,31,2024-10-23,Delivered
3910,2229,2024-12-30,Delivered
3911,1070,2024-02-23,Delivered
3912,189,2024-06-02,Delivered
3913,1533,2024-04-19,Delivered
3914,2929,2024-01-01,Delivered
3915,2026,2024-03-04,Delivered
3916,434,2025-02-22,Delivered
3917,1550,2025-04-23,Delivered
3918,2675,2024-03-29,Delivered
3919,149,2025-02-22,Delivered
3920,1880,2024-05-17,Delivered
3921,2165,2024-03-17,Delivered
3922,2119,2024-05-08,Delivered
3923,403,2025-05-16,Delivered
3924,2692,2024-07-05,Delivered
3925,953,2025-02-08,Cancelled
3926,143,2024-09-21,Delivered
3927,242,2024-08-25,Delivered
3928,1372,2025-03-19,Delivered
3929,105,2025-06-25,Delivered
3930,2309,2024-12-21,Delivered
3931,2565,2025-04-08,Delivered
3932,31,2024-03-20,Delivered
3933,2394,2025-05-06,Cancelled
3934,2941,2024-04-10,Delivered
3935,79,2024-04-14,Delivered
3936,2175,2025-04-07,Delivered
3937,2997,2024-09-20,Delivered
3938,2357,2024-05-16,Delivered
3939,1521,2024-01-15,Delivered
3940,2614,2024-04-29,Cancelled
3941,2127,2025-03-26,Delivered
3942,856,2024-01-02,Delivered
3943,649,2025-05-17,Delivered
3944,1543,2025-02-26,Delivered
3945,1114,2024-04-21,Pending
3946,977,2025-02-07,Delivered
3947,508,2024-10-10,Cancelled
3948,2512,2024-07-08,Pending
3949,2119,2024-10-02,Delivered
3950,982,2024-01-04,Delivered
3951,691,2025-04-25,Cancelled
3952,352,2025-03-04,Delivered
3953,313,2024-04-07,Delivered
3954,1843,2024-02-24,Delivered
3955,307,2024-08-19,Delivered
3956,2878,2024-09-08,Delivered
3957,812,2025-02-25,Delivered
3958,61,2025-04-03,Cancelled
3959,2529,2024-02-04,Delivered
3960,1104,2024-05-13,Delivered
3961,1022,2024-11-16,Delivered
3962,329,2024-07-26,Cancelled
3963,1959,2025-06-24,Delivered
3964,1072,2024-12-26,Delivered
3965,2448,2024-06-25,Delivered
3966,1856,2025-01-02,Delivered
3967,2598,2024-08-23,Delivered
3968,1826,2024-09-09,Cancelled
3969,2308,2025-01-25,Delivered
3970,2090,2024-08-24,Delivered
3971,1385,2025-01-15,Cancelled
3972,2067,2024-08-17,Delivered
3973,1963,2024-11-20,Delivered
3974,11,2024-09-22,Delivered
3975,2097,2024-11-09,Delivered
3976,758,2024-07-08,Delivered
3977,1622,2024-03-06,Cancelled
3978,313,2024-05-20,Delivered
3979,54,2024-07-13,Delivered
3980,31,2024-06-21,Delivered
3981,431,2024-08-18,Cancelled
3982,38,2024-09-17,Delivered
3983,369,2024-05-17,Delivered
3984,1664,2024-07-27,Delivered
3985,1207,2024-06-03,Pending
3986,2941,2024-11-15,Delivered
3987,2385,2024-09-16,Delivered
3988,397,2024-12-10,Delivered
3989,1258,2024-08-23,Delivered
3990,1285,2025-06-27,Pending
3991,1088,2024-09-21,Delivered
3992,1491,2024-12-01,Delivered
3993,1991,2024-08-29,Delivered
3994,1893,2025-02-05,Delivered
3995,1069,2024-11-01,Delivered
3996,2119,2024-02-23,Delivered
3997,844,2025-02-02,Delivered
3998,2473,2025-02-19,Delivered
3999,2892,2024-08-07,Delivered
4000,861,2024-10-04,Pending
4001,2326,2024-01-06,Delivered
4002,2409,2025-04-18,Delivered
4003,1477,2025-03-01,Delivered
4004,253,2025-06-14,Delivered
4005,2328,2024-11-23,Delivered
4006,1229,2024-05-05,Delivered
4007,597,2024-06-07,Delivered
4008,1848,2025-05-22,Delivered
4009,1302,2024-01-24,Pending
4010,252,2025-01-01,Cancelled
4011,2945,2024-02-07,Delivered
4012,716,2025-02-07,Delivered
4013,1535,2024-11-13,Delivered
4014,1978,2024-09-14,Delivered
4015,316,2025-01-17,Delivered
4016,2213,2024-07-12,Delivered
4017,1916,2024-11-09,Cancelled
4018,1489,2025-03-12,Delivered
4019,1589,2024-09-07,Delivered
4020,2849,2024-01-12,Delivered
4021,2696,2025-06-26,Delivered
4022,313,2024-10-22,Delivered
4023,1104,2024-08-22,Delivered
4024,1555,2024-02-10,Delivered
4025,2719,2024-02-19,Delivered
4026,2420,2024-05-19,Delivered
4027,1153,2025-05-19,Delivered
4028,2621,2025-01-30,Delivered
4029,1128,2024-08-13,Delivered
4030,787,2025-02-16,Delivered
4031,1798,2024-08-01,Delivered
4032,1063,2025-04-30,Delivered
4033,1825,2024-06-27,Delivered
4034,1238,2025-01-25,Delivered
4035,2352,2024-08-26,Delivered
4036,2846,2025-01-03,Delivered
4037,787,2024-04-11,Delivered
4038,1533,2025-05-31,Pending
4039,2173,2024-06-05,Delivered
4040,432,2024-10-20,Delivered
4041,2352,2025-01-10,Delivered
4042,1713,2024-12-23,Delivered
4043,403,2024-10-29,Delivered
4044,2570,2025-04-18,Delivered
4045,1277,2025-06-13,Pending
4046,504,2025-02-20,Delivered
4047,561,2024-04-10,Delivered
4048,2328,2025-02-24,Delivered
4049,2776,2024-10-01,Delivered
4050,1128,2024-10-20,Delivered
4051,226,2025-05-29,Delivered
4052,289,2024-10-15,Delivered
4053,1934,2025-04-09,Delivered
4054,1106,2024-12-20,Delivered
4055,1274,2024-02-17,Delivered
4056,1005,2025-01-17,Cancelled
4057,1397,2024-09-27,Delivered
4058,1903,2024-10-25,Delivered
4059,1619,2024-06-14,Cancelled
4060,464,2024-04-11,Pending
4061,1478,2025-02-10,Cancelled
4062,1374,2024-05-15,Delivered
4063,1631,2024-02-20,Cancelled
4064,313,2024-09-26,Delivered
4065,415,2025-01-23,Delivered
4066,1593,2024-04-21,Delivered
4067,796,2024-07-16,Cancelled
4068,1852,2024-08-19,Cancelled
4069,1113,2025-05-19,Delivered
4070,638,2024-03-21,Delivered
4071,1941,2025-05-16,Delivered
4072,1180,2024-03-20,Delivered
4073,429,2024-11-11,Delivered
4074,2386,2025-04-05,Delivered
4075,1288,2025-05-08,Delivered
4076,2709,2024-10-23,Delivered
4077,559,2024-09-26,Pending
4078,2594,2025-03-02,Cancelled
4079,2419,2025-05-11,Delivered
4080,294,2024-01-07,Delivered
4081,1596,2024-05-23,Delivered
4082,1930,2024-06-04,Delivered
4083,1491,2025-03-31,Delivered
4084,1170,2024-01-10,Delivered
4085,2818,2024-03-09,Delivered
4086,2111,2024-01-02,Pending
4087,2898,2025-06-04,Delivered
4088,2512,2024-01-18,Delivered
4089,2422,2024-05-24,Delivered
4090,2175,2024-10-11,Delivered
4091,1912,2024-07-09,Delivered
4092,2621,2024-02-19,Delivered
4093,1801,2024-08-13,Delivered
4094,216,2025-03-11,Delivered
4095,1713,2024-06-06,Pending
4096,291,2024-10-08,Delivered
4097,2834,2024-09-13,Delivered
4098,1915,2024-05-13,Cancelled
4099,1658,2024-01-02,Delivered
4100,566,2025-04-02,Cancelled
4101,1553,2025-06-26,Delivered
4102,1020,2024-10-05,Delivered
4103,2017,2025-03-29,Delivered
4104,1778,2024-07-10,Pending
4105,1502,2025-05-29,Delivered
4106,738,2024-11-06,Pending
4107,1581,2025-03-12,Delivered
4108,1381,2025-01-02,Delivered
4109,2523,2025-05-19,Cancelled
4110,2662,2024-11-01,Delivered
4111,2230,2025-04-07,Delivered
4112,941,2025-05-24,Delivered
4113,100,2025-02-18,Delivered
4114,2743,2024-07-12,Delivered
4115,2967,2024-02-19,Delivered
4116,346,2024-08-11,Delivered
4117,2059,2025-01-13,Delivered
4118,1273,2025-04-13,Delivered
4119,398,2025-02-23,Delivered
4120,2993,2024-12-14,Delivered
4121,2766,2024-10-19,Delivered
4122,2943,2025-06-11,Delivered
4123,392,2024-05-13,Delivered
4124,1482,2025-03-08,Delivered
4125,2665,2024-10-28,Delivered
4126,2016,2024-10-07,Delivered
4127,1297,2024-08-05,Delivered
4128,1554,2024-12-12,Delivered
4129,102,2025-06-29,Delivered
4130,1799,2024-08-09,Delivered
4131,2542,2024-03-02,Delivered
4132,2,2024-03-10,Delivered
4133,440,2024-04-06,Delivered
4134,1559,2024-08-10,Delivered
4135,1668,2024-01-03,Pending
4136,1022,2024-06-02,Cancelled
4137,65,2025-01-14,Cancelled
4138,2223,2025-01-05,Delivered
4139,709,2024-12-31,Delivered
4140,1906,2024-12-31,Delivered
4141,1664,2024-02-11,Delivered
4142,1285,2025-05-26,Delivered
4143,1730,2024-06-11,Delivered
4144,2089,2024-02-13,Pending
4145,1695,2025-03-19,Pending
4146,1661,2024-09-12,Delivered
4147,1298,2024-07-08,Cancelled
4148,1282,2024-08-05,Cancelled
4149,1477,2024-11-14,Delivered
4150,1348,2024-10-14,Delivered
4151,1308,2024-01-08,Delivered
4152,603,2024-03-06,Delivered
4153,2175,2025-06-01,Delivered
4154,369,2024-09-25,Delivered
4155,2692,2025-06-23,Delivered
4156,1838,2024-12-24,Delivered
4157,134,2025-02-06,Delivered
4158,1950,2024-06-20,Delivered
4159,1085,2025-04-02,Cancelled
4160,2752,2024-12-21,Delivered
4161,2777,2025-02-14,Delivered
4162,2512,2024-05-25,Delivered
4163,1681,2024-11-16,Delivered
4164,2716,2024-07-20,Delivered
4165,1919,2025-05-11,Delivered
4166,2589,2025-05-10,Delivered
4167,440,2024-07-11,Delivered
4168,2682,2024-01-14,Delivered
4169,1959,2024-05-16,Delivered
4170,892,2024-05-28,Pending
4171,2989,2024-01-11,Delivered
4172,2062,2025-05-25,Delivered
4173,2692,2024-09-11,Delivered
4174,9,2024-03-21,Delivered
4175,1646,2024-11-28,Delivered
4176,2138,2024-08-04,Pending
4177,31,2024-04-05,Delivered
4178,2241,2024-09-04,Delivered
4179,1927,2024-11-22,Delivered
4180,794,2024-12-22,Cancelled
4181,2069,2024-05-02,Delivered
4182,363,2024-11-30,Delivered
4183,2450,2025-03-08,Delivered
4184,2565,2024-12-08,Delivered
4185,1459,2025-06-03,Delivered
4186,1529,2025-05-28,Pending
4187,1212,2024-09-27,Delivered
4188,1023,2024-08-02,Delivered
4189,2582,2024-09-06,Cancelled
4190,895,2024-09-24,Delivered
4191,1216,2024-04-04,Delivered
4192,879,2025-06-10,Delivered
4193,1941,2024-11-06,Delivered
4194,2411,2024-03-10,Delivered
4195,465,2025-05-08,Delivered
4196,738,2025-06-01,Delivered
4197,294,2024-11-02,Delivered
4198,442,2025-06-01,Delivered
4199,1225,2025-06-14,Delivered
4200,2297,2025-06-04,Delivered
4201,1621,2025-06-10,Cancelled
4202,145,2024-02-06,Delivered
4203,1839,2024-01-17,Delivered
4204,2352,2024-11-11,Pending
4205,1177,2025-02-12,Delivered
4206,716,2025-04-02,Pending
4207,2251,2024-12-16,Delivered
4208,54,2024-06-20,Delivered
4209,2419,2025-05-24,Cancelled
4210,2376,2024-11-18,Delivered
4211,2627,2025-01-07,Cancelled
4212,255,2024-05-20,Delivered
4213,302,2025-02-18,Delivered
4214,2582,2024-03-11,Delivered
4215,1427,2025-04-20,Delivered
4216,1174,2025-04-10,Delivered
4217,1695,2025-01-07,Delivered
4218,165,2025-06-19,Delivered
4219,1903,2025-05-11,Delivered
4220,2822,2024-02-08,Delivered
4221,2017,2024-04-30,Delivered
4222,1394,2024-03-07,Delivered
4223,2881,2024-06-24,Delivered
4224,2067,2024-11-17,Cancelled
4225,157,2024-03-19,Delivered
4226,1991,2024-02-17,Delivered
4227,170,2024-12-17,Delivered
4228,899,2024-12-10,Delivered
4229,1801,2024-07-18,Delivered
4230,624,2025-01-27,Delivered
4231,101,2024-11-19,Delivered
4232,1808,2024-08-14,Cancelled
4233,831,2024-02-07,Delivered
4234,1603,2025-02-16,Delivered
4235,758,2024-12-07,Delivered
4236,2060,2024-03-03,Delivered
4237,2665,2024-04-12,Delivered
4238,248,2024-06-13,Delivered
4239,2328,2024-04-07,Delivered
4240,424,2025-03-16,Delivered
4241,977,2025-05-24,Delivered
4242,1069,2024-02-18,Cancelled
4243,596,2024-05-10,Delivered
4244,216,2024-06-04,Cancelled
4245,2264,2025-06-25,Cancelled
4246,2349,2024-12-05,Delivered
4247,2985,2025-06-04,Cancelled
4248,2769,2024-05-15,Pending
4249,1297,2024-02-06,Delivered
4250,369,2024-09-19,Delivered
4251,21,2025-03-22,Delivered
4252,1595,2025-04-02,Delivered
4253,2542,2024-09-14,Delivered
4254,780,2024-05-27,Delivered
4255,569,2024-01-26,Delivered
4256,1308,2024-08-25,Delivered
4257,2656,2024-10-19,Delivered
4258,1346,2024-01-10,Delivered
4259,2168,2025-05-25,Delivered
4260,1385,2025-01-21,Pending
4261,1114,2024-06-27,Delivered
4262,1317,2024-07-12,Delivered
4263,2264,2024-07-13,Delivered
4264,2229,2025-04-14,Delivered
4265,1288,2025-01-30,Delivered
4266,778,2024-02-18,Cancelled
4267,379,2024-06-16,Delivered
4268,2,2025-03-03,Delivered
4269,313,2024-07-13,Cancelled
4270,465,2025-03-20,Delivered
4271,2073,2024-10-04,Delivered
4272,2425,2025-02-27,Delivered
4273,2205,2024-10-15,Delivered
4274,2170,2025-02-04,Delivered
4275,2974,2024-08-23,Delivered
4276,2885,2024-05-09,Delivered
4277,781,2025-04-26,Delivered
4278,395,2024-08-15,Delivered
4279,414,2024-01-06,Delivered
4280,2664,2024-07-29,Delivered
4281,291,2024-08-12,Delivered
4282,1014,2024-05-11,Delivered
4283,1593,2025-04-24,Delivered
4284,1801,2024-09-25,Delivered
4285,1745,2024-07-21,Delivered
4286,2329,2025-01-15,Delivered
4287,1694,2024-12-15,Delivered
4288,2523,2024-09-18,Delivered
4289,246,2025-06-16,Delivered
4290,2540,2025-06-16,Delivered
4291,1728,2024-09-16,Delivered
4292,645,2025-01-21,Delivered
4293,2931,2024-01-29,Delivered
4294,2795,2024-08-29,Delivered
4295,2512,2024-08-29,Delivered
4296,2700,2024-08-08,Delivered
4297,1140,2025-04-04,Cancelled
4298,663,2024-11-14,Delivered
4299,524,2024-09-14,Cancelled
4300,2586,2024-08-23,Delivered
4301,2453,2024-12-03,Delivered
4302,2941,2024-05-01,Delivered
4303,2514,2024-05-14,Delivered
4304,1857,2024-10-11,Delivered
4305,388,2024-06-23,Delivered
4306,465,2025-01-02,Delivered
4307,1424,2025-05-07,Delivered
4308,2263,2024-07-14,Delivered
4309,489,2024-11-11,Delivered
4310,2709,2024-06-03,Pending
4311,2051,2025-03-09,Delivered
4312,916,2024-04-28,Pending
4313,2620,2024-10-12,Delivered
4314,1754,2024-07-17,Delivered
4315,2190,2025-02-21,Delivered
4316,1149,2024-05-13,Delivered
4317,1178,2024-04-19,Delivered
4318,28,2025-02-20,Delivered
4319,1613,2024-10-31,Delivered
4320,2234,2024-12-14,Delivered
4321,2908,2025-03-09,Delivered
4322,2649,2024-06-05,Delivered
4323,251,2024-05-11,Delivered
4324,2941,2025-06-25,Pending
4325,400,2024-03-01,Delivered
4326,106,2024-12-18,Delivered
4327,2229,2024-07-31,Pending
4328,2688,2024-03-18,Pending
4329,2834,2025-06-04,Delivered
4330,2450,2025-03-28,Delivered
4331,593,2024-05-01,Delivered
4332,418,2025-02-15,Delivered
4333,165,2025-02-23,Delivered
4334,1710,2024-09-30,Delivered
4335,1461,2025-06-06,Delivered
4336,308,2024-05-07,Delivered
4337,1395,2024-02-09,Delivered
4338,1678,2025-03-18,Delivered
4339,2169,2024-07-14,Delivered
4340,1252,2024-03-08,Delivered
4341,936,2025-06-12,Delivered
4342,1972,2024-08-16,Delivered
4343,2053,2025-04-17,Delivered
4344,787,2025-03-22,Delivered
4345,38,2024-06-14,Delivered
4346,2824,2025-03-13,Delivered
4347,2229,2024-09-13,Delivered
4348,578,2024-12-09,Delivered
4349,1673,2024-06-05,Delivered
4350,1742,2024-01-05,Delivered
4351,342,2024-04-13,Delivered
4352,554,2024-06-30,Delivered
4353,2861,2024-10-25,Delivered
4354,1530,2025-04-10,Delivered
4355,553,2024-04-06,Delivered
4356,2357,2025-01-28,Delivered
4357,1412,2025-02-13,Pending
4358,1884,2025-03-18,Delivered
4359,872,2025-03-20,Cancelled
4360,162,2024-02-04,Delivered
4361,465,2024-04-28,Delivered
4362,2919,2025-05-28,Delivered
4363,1833,2024-12-11,Delivered
4364,2457,2024-05-05,Delivered
4365,48,2025-06-27,Delivered
4366,2254,2024-06-30,Delivered
4367,1458,2024-06-06,Delivered
4368,1970,2025-04-03,Delivered
4369,1071,2025-06-08,Delivered
4370,1818,2024-08-09,Delivered
4371,94,2024-12-18,Delivered
4372,118,2024-12-17,Delivered
4373,2363,2024-05-03,Delivered
4374,339,2024-10-28,Delivered
4375,31,2024-01-31,Delivered
4376,2702,2025-04-17,Delivered
4377,769,2025-03-28,Delivered
4378,1712,2024-03-26,Delivered
4379,2486,2024-11-28,Cancelled
4380,2228,2024-02-23,Pending
4381,122,2024-02-17,Cancelled
4382,1668,2024-12-11,Delivered
4383,1622,2025-03-11,Delivered
4384,1046,2025-04-06,Delivered
4385,2229,2024-06-30,Delivered
4386,2891,2025-05-19,Delivered
4387,398,2024-10-21,Delivered
4388,395,2024-08-06,Delivered
4389,2196,2024-07-07,Cancelled
4390,1356,2025-02-05,Cancelled
4391,2352,2024-07-21,Delivered
4392,381,2024-08-01,Delivered
4393,105,2024-07-30,Cancelled
4394,2097,2024-06-23,Delivered
4395,2976,2024-08-05,Delivered
4396,269,2024-01-14,Delivered
4397,2559,2025-04-22,Delivered
4398,1149,2024-05-16,Delivered
4399,34,2024-09-01,Delivered
4400,1533,2024-04-02,Delivered
4401,810,2024-10-19,Delivered
4402,2083,2024-05-26,Delivered
4403,841,2024-04-02,Delivered
4404,1453,2024-06-06,Delivered
4405,576,2025-05-08,Delivered
4406,2453,2025-04-13,Delivered
4407,2743,2025-03-07,Delivered
4408,1217,2024-04-21,Delivered
4409,1339,2024-12-20,Delivered
4410,2943,2025-03-23,Delivered
4411,385,2024-12-20,Delivered
4412,2385,2025-04-14,Delivered
4413,1678,2024-04-19,Delivered
4414,2600,2024-09-10,Delivered
4415,856,2024-06-29,Delivered
4416,870,2025-01-30,Delivered
4417,964,2024-03-10,Delivered
4418,33,2024-06-22,Delivered
4419,473,2025-01-18,Delivered
4420,2975,2024-01-10,Delivered
4421,726,2024-05-19,Delivered
4422,39,2025-01-22,Delivered
4423,808,2024-05-10,Delivered
4424,1232,2024-11-27,Delivered
4425,1635,2024-08-06,Delivered
4426,192,2024-09-08,Delivered
4427,2336,2024-07-14,Delivered
4428,2450,2025-05-05,Pending
4429,611,2025-01-28,Delivered
4430,2359,2025-02-01,Delivered
4431,1085,2025-03-08,Delivered
4432,1273,2024-08-20,Delivered
4433,2780,2024-02-26,Delivered
4434,2649,2024-01-30,Delivered
4435,1120,2024-09-20,Delivered
4436,1464,2025-04-23,Delivered
4437,834,2024-09-20,Delivered
4438,1552,2025-06-21,Delivered
4439,2041,2024-10-12,Delivered
4440,264,2024-12-12,Cancelled
4441,2719,2024-02-12,Delivered
4442,2158,2025-02-23,Delivered
4443,271,2025-04-30,Pending
4444,2574,2024-10-03,Pending
4445,2223,2025-05-08,Delivered
4446,919,2024-05-09,Delivered
4447,1569,2024-09-24,Delivered
4448,2542,2025-05-12,Delivered
4449,2905,2024-11-25,Pending
4450,822,2025-01-10,Delivered
4451,1925,2024-08-08,Delivered
4452,2542,2024-10-26,Cancelled
4453,2959,2024-07-21,Delivered
4454,195,2025-01-07,Pending
4455,1517,2024-01-31,Delivered
4456,2586,2024-10-06,Delivered
4457,2,2025-05-22,Pending
4458,1302,2024-02-01,Delivered
4459,1716,2024-09-03,Delivered
4460,1581,2024-12-26,Delivered
4461,2190,2024-02-16,Delivered
4462,186,2024-01-03,Delivered
4463,2328,2024-03-31,Delivered
4464,831,2024-04-30,Pending
4465,2450,2025-04-24,Delivered
4466,1265,2024-03-26,Delivered
4467,115,2024-12-15,Delivered
4468,2890,2024-07-04,Pending
4469,2312,2024-10-19,Delivered
4470,1034,2025-05-10,Pending
4471,787,2025-04-13,Cancelled
4472,1725,2024-02-13,Delivered
4473,2956,2024-02-18,Delivered
4474,847,2024-07-14,Delivered
4475,2831,2025-03-17,Delivered
4476,981,2025-02-18,Delivered
4477,2119,2024-12-03,Delivered
4478,1138,2025-04-16,Delivered
4479,246,2024-04-09,Delivered
4480,2778,2025-02-05,Delivered
4481,463,2025-06-13,Delivered
4482,2819,2025-06-11,Delivered
4483,292,2025-01-23,Delivered
4484,775,2025-01-14,Delivered
4485,2721,2024-05-02,Delivered
4486,1949,2025-02-10,Delivered
4487,544,2024-05-15,Delivered
4488,1738,2024-08-18,Delivered
4489,519,2024-03-04,Delivered
4490,2586,2024-06-13,Delivered
4491,137,2024-02-11,Delivered
4492,1592,2024-09-09,Pending
4493,178,2024-02-09,Delivered
4494,2089,2025-02-23,Pending
4495,2777,2024-12-24,Delivered
4496,2457,2024-12-21,Pending
4497,1111,2025-01-18,Delivered
4498,686,2025-02-25,Delivered
4499,333,2025-01-03,Delivered
4500,2586,2024-12-08,Delivered
4501,236,2024-04-09,Delivered
4502,1852,2025-02-04,Delivered
4503,1103,2024-09-22,Delivered
4504,2979,2024-03-25,Delivered
4505,1533,2024-09-19,Cancelled
4506,1636,2024-06-25,Delivered
4507,2715,2024-04-18,Pending
4508,2911,2024-11-02,Delivered
4509,1714,2025-05-03,Delivered
4510,2353,2024-01-10,Delivered
4511,1864,2024-03-14,Delivered
4512,1277,2025-05-13,Delivered
4513,159,2025-01-12,Delivered
4514,2153,2024-05-10,Delivered
4515,2106,2024-07-20,Delivered
4516,321,2024-02-18,Delivered
4517,672,2025-04-05,Delivered
4518,2189,2024-12-28,Cancelled
4519,403,2024-05-06,Delivered
4520,2075,2024-04-15,Delivered
4521,2155,2025-01-12,Cancelled
4522,1054,2024-11-02,Delivered
4523,750,2025-02-12,Delivered
4524,1115,2024-05-15,Cancelled
4525,1076,2025-06-26,Delivered
4526,1784,2024-03-31,Cancelled
4527,2223,2024-04-07,Pending
4528,2543,2025-02-05,Delivered
4529,78,2024-11-04,Delivered
4530,2179,2024-07-31,Delivered
4531,924,2025-02-06,Pending
4532,2484,2024-11-09,Delivered
4533,217,2024-08-07,Delivered
4534,1640,2024-04-28,Delivered
4535,1636,2025-01-26,Delivered
4536,966,2024-10-28,Delivered
4537,2913,2025-05-03,Pending
4538,299,2024-08-17,Delivered
4539,376,2024-05-24,Delivered
4540,1905,2024-01-28,Pending
4541,1550,2024-05-27,Delivered
4542,768,2025-01-31,Delivered
4543,893,2024-06-05,Delivered
4544,428,2024-10-28,Cancelled
4545,2566,2024-04-27,Pending
4546,1688,2025-05-21,Delivered
4547,716,2025-05-07,Delivered
4548,1177,2025-03-17,Delivered
4549,2692,2025-02-04,Delivered
4550,2621,2024-11-07,Delivered
4551,192,2024-01-05,Delivered
4552,1934,2024-01-24,Delivered
4553,413,2024-08-30,Delivered
4554,606,2025-02-14,Delivered
4555,2559,2024-03-12,Delivered
4556,2663,2024-10-26,Pending
4557,241,2025-06-05,Delivered
4558,2586,2025-03-31,Delivered
4559,2180,2024-10-28,Delivered
4560,2296,2024-11-11,Cancelled
4561,2341,2024-02-04,Delivered
4562,1529,2024-01-02,Pending
4563,2827,2024-06-21,Delivered
4564,575,2025-03-20,Delivered
4565,1520,2024-01-04,Delivered
4566,938,2025-03-12,Delivered
4567,2444,2024-05-20,Delivered
4568,241,2024-02-24,Delivered
4569,1295,2024-02-22,Delivered
4570,2281,2025-01-08,Delivered
4571,916,2024-01-25,Delivered
4572,705,2024-10-14,Delivered
4573,758,2025-05-25,Delivered
4574,2143,2024-11-18,Delivered
4575,835,2024-07-01,Pending
4576,1216,2025-04-30,Delivered
4577,1631,2024-02-09,Cancelled
4578,2801,2024-05-16,Delivered
4579,2352,2024-04-03,Delivered
4580,534,2024-01-08,Pending
4581,2609,2025-06-05,Delivered
4582,2509,2024-04-23,Delivered
4583,2226,2024-02-10,Cancelled
4584,1556,2025-05-14,Delivered
4585,192,2025-06-09,Delivered
4586,2137,2024-04-25,Delivered
4587,1560,2024-08-07,Delivered
4588,911,2025-01-03,Delivered
4589,19,2024-08-21,Delivered
4590,673,2025-03-07,Delivered
4591,1782,2024-05-15,Delivered
4592,313,2025-03-20,Delivered
4593,1939,2024-10-31,Delivered
4594,2433,2024-01-06,Cancelled
4595,935,2024-12-04,Pending
4596,237,2024-01-06,Pending
4597,380,2025-04-06,Pending
4598,1070,2025-06-23,Delivered
4599,2409,2024-03-25,Delivered
4600,1864,2024-10-14,Delivered
4601,2567,2024-07-02,Delivered
4602,2974,2024-02-04,Pending
4603,588,2025-01-05,Delivered
4604,2086,2024-01-15,Delivered
4605,1400,2024-01-14,Delivered
4606,1489,2025-03-18,Delivered
4607,964,2024-06-03,Delivered
4608,1020,2025-05-09,Delivered
4609,2019,2024-11-20,Delivered
4610,1818,2024-10-13,Pending
4611,937,2024-08-11,Delivered
4612,329,2024-07-21,Delivered
4613,1702,2024-05-02,Delivered
4614,2213,2025-01-18,Delivered
4615,1663,2024-11-26,Delivered
4616,2,2024-01-13,Delivered
4617,826,2024-06-25,Delivered
4618,2306,2025-05-05,Delivered
4619,2218,2024-09-25,Cancelled
4620,20,2024-05-19,Delivered
4621,1412,2024-05-05,Pending
4622,1304,2024-04-14,Delivered
4623,1928,2025-04-15,Cancelled
4624,341,2024-06-18,Pending
4625,1819,2024-06-11,Delivered
4626,2827,2024-02-04,Delivered
4627,1111,2025-04-30,Delivered
4628,1006,2024-07-31,Delivered
4629,67,2025-01-19,Cancelled
4630,160,2025-01-25,Delivered
4631,2761,2024-07-10,Pending
4632,2925,2024-09-29,Delivered
4633,9,2024-02-25,Delivered
4634,2671,2024-12-30,Delivered
4635,493,2025-01-02,Delivered
4636,1668,2024-04-26,Delivered
4637,2025,2024-04-16,Delivered
4638,1074,2024-08-05,Cancelled
4639,1591,2025-01-13,Delivered
4640,1850,2024-10-10,Delivered
4641,560,2024-02-03,Cancelled
4642,2974,2024-11-08,Cancelled
4643,591,2025-01-21,Delivered
4644,20,2024-04-11,Delivered
4645,2819,2024-08-30,Cancelled
4646,1280,2025-03-16,Delivered
4647,1201,2024-06-26,Delivered
4648,796,2024-02-19,Cancelled
4649,61,2025-05-20,Delivered
4650,768,2024-02-23,Delivered
4651,1176,2024-02-03,Delivered
4652,1564,2024-05-16,Delivered
4653,1373,2025-02-14,Delivered
4654,2598,2024-12-23,Delivered
4655,2698,2024-05-08,Cancelled
4656,932,2024-02-12,Pending
4657,2876,2025-06-05,Delivered
4658,2563,2024-01-05,Delivered
4659,2749,2025-05-19,Cancelled
4660,2119,2024-09-14,Delivered
4661,567,2024-04-16,Delivered
4662,561,2024-07-08,Delivered
4663,2692,2024-06-18,Delivered
4664,1528,2024-03-26,Delivered
4665,2641,2024-08-23,Delivered
4666,2164,2024-12-24,Delivered
4667,610,2024-09-15,Delivered
4668,1148,2024-12-16,Delivered
4669,2903,2025-06-13,Delivered
4670,36,2024-03-07,Delivered
4671,2146,2025-02-07,Cancelled
4672,2934,2024-05-05,Delivered
4673,294,2024-01-11,Delivered
4674,787,2024-07-18,Delivered
4675,1633,2024-08-02,Delivered
4676,2506,2025-06-24,Cancelled
4677,1523,2024-07-07,Delivered
4678,170,2025-02-23,Delivered
4679,347,2025-05-25,Delivered
4680,1125,2024-07-03,Delivered
4681,956,2024-04-07,Cancelled
4682,635,2025-06-11,Pending
4683,2491,2024-09-07,Delivered
4684,65,2024-09-05,Delivered
4685,2453,2025-02-01,Delivered
4686,2726,2024-07-26,Delivered
4687,1854,2024-10-22,Delivered
4688,1841,2025-05-30,Delivered
4689,400,2024-01-27,Cancelled
4690,1682,2025-02-05,Cancelled
4691,1120,2024-08-04,Delivered
4692,669,2024-10-26,Delivered
4693,1713,2025-05-11,Pending
4694,2,2024-11-23,Delivered
4695,797,2024-08-16,Delivered
4696,1940,2025-06-15,Delivered
4697,1359,2024-11-26,Delivered
4698,395,2024-03-24,Delivered
4699,2,2024-02-18,Delivered
4700,787,2024-07-08,Delivered
4701,1637,2025-01-27,Delivered
4702,1604,2024-08-17,Delivered
4703,363,2024-04-02,Delivered
4704,1801,2025-06-21,Delivered
4705,2996,2024-04-18,Delivered
4706,1716,2024-02-15,Pending
4707,1585,2024-07-27,Delivered
4708,1826,2024-03-01,Delivered
4709,2598,2024-11-19,Delivered
4710,2824,2024-08-25,Delivered
4711,105,2025-05-20,Delivered
4712,593,2024-04-02,Cancelled
4713,319,2024-05-26,Cancelled
4714,2281,2025-01-08,Delivered
4715,118,2025-01-16,Delivered
4716,2676,2024-07-15,Delivered
4717,41,2025-05-18,Delivered
4718,1775,2025-04-07,Delivered
4719,796,2024-11-30,Delivered
4720,1412,2025-02-12,Delivered
4721,1320,2024-10-19,Delivered
4722,2229,2024-09-14,Delivered
4723,1491,2024-10-24,Delivered
4724,1270,2025-04-06,Delivered
4725,2183,2024-01-09,Cancelled
4726,2745,2024-02-25,Delivered
4727,2350,2024-09-16,Delivered
4728,2204,2024-11-13,Delivered
4729,1463,2024-04-08,Delivered
4730,2670,2024-11-26,Delivered
4731,1461,2024-01-14,Delivered
4732,2755,2024-05-14,Delivered
4733,2375,2024-09-08,Delivered
4734,403,2024-01-28,Delivered
4735,123,2024-12-11,Cancelled
4736,2213,2024-10-19,Delivered
4737,2059,2024-11-04,Delivered
4738,1775,2024-10-07,Cancelled
4739,2929,2025-01-12,Delivered
4740,1630,2024-12-22,Pending
4741,1034,2024-12-26,Cancelled
4742,1673,2024-04-26,Delivered
4743,68,2025-01-10,Delivered
4744,1705,2024-04-08,Cancelled
4745,2675,2024-01-12,Delivered
4746,6,2025-06-17,Delivered
4747,2512,2024-04-07,Delivered
4748,2375,2024-03-03,Cancelled
4749,297,2024-06-14,Delivered
4750,2513,2025-06-29,Delivered
4751,2249,2025-04-16,Delivered
4752,1478,2025-01-28,Delivered
4753,716,2024-04-12,Delivered
4754,841,2024-12-09,Delivered
4755,1801,2025-03-30,Delivered
4756,718,2024-07-04,Delivered
4757,963,2024-05-21,Delivered
4758,2758,2025-04-18,Delivered
4759,2182,2024-03-12,Delivered
4760,2201,2025-05-11,Cancelled
4761,2859,2024-09-18,Delivered
4762,9,2025-01-29,Delivered
4763,716,2024-07-22,Pending
4764,1946,2025-01-22,Delivered
4765,1308,2025-05-20,Delivered
4766,313,2024-09-26,Delivered
4767,2312,2024-04-25,Delivered
4768,124,2024-02-12,Pending
4769,1626,2025-05-20,Cancelled
4770,1671,2025-06-29,Delivered
4771,1866,2024-12-21,Delivered
4772,927,2024-01-09,Delivered
4773,54,2025-04-28,Delivered
4774,2633,2024-09-27,Delivered
4775,2750,2024-05-07,Delivered
4776,1453,2024-07-19,Delivered
4777,41,2025-05-29,Delivered
4778,1708,2025-02-27,Delivered
4779,928,2024-11-21,Delivered
4780,523,2025-02-05,Delivered
4781,469,2025-04-07,Delivered
4782,514,2024-12-08,Delivered
4783,982,2024-06-20,Delivered
4784,820,2024-02-10,Pending
4785,2479,2024-03-08,Delivered
4786,1491,2024-05-09,Delivered
4787,1277,2025-02-23,Delivered
4788,395,2024-02-21,Delivered
4789,2592,2024-03-10,Delivered
4790,150,2025-06-18,Delivered
4791,700,2024-08-06,Delivered
4792,1819,2024-03-10,Delivered
4793,2114,2025-04-21,Delivered
4794,2374,2025-06-12,Delivered
4795,1239,2024-10-02,Delivered
4796,1030,2024-03-02,Delivered
4797,844,2024-12-08,Delivered
4798,1682,2025-04-15,Pending
4799,1037,2025-06-11,Delivered
4800,971,2024-11-09,Delivered
4801,35,2025-05-30,Pending
4802,2831,2025-03-30,Delivered
4803,175,2024-03-29,Delivered
4804,787,2024-12-12,Delivered
4805,2725,2024-12-29,Delivered
4806,2200,2025-02-23,Delivered
4807,1702,2024-10-17,Delivered
4808,1959,2025-02-03,Delivered
4809,271,2024-11-15,Delivered
4810,2385,2024-05-22,Delivered
4811,732,2024-09-21,Delivered
4812,2861,2025-05-25,Delivered
4813,673,2025-04-05,Delivered
4814,1841,2024-12-17,Delivered
4815,1630,2024-06-24,Pending
4816,391,2024-04-20,Delivered
4817,1090,2024-06-04,Cancelled
4818,2312,2024-06-16,Pending
4819,610,2025-06-09,Delivered
4820,2886,2024-10-18,Delivered
4821,865,2024-08-01,Cancelled
4822,1848,2025-04-26,Delivered
4823,1810,2024-07-20,Delivered
4824,1413,2025-03-11,Delivered
4825,1939,2024-12-16,Delivered
4826,2223,2024-06-13,Delivered
4827,1811,2025-06-08,Delivered
4828,1666,2025-01-10,Delivered
4829,1783,2025-06-24,Delivered
4830,1211,2024-01-01,Delivered
4831,196,2024-06-02,Delivered
4832,438,2024-06-30,Cancelled
4833,1783,2025-01-03,Delivered
4834,2749,2025-04-03,Delivered
4835,60,2024-03-07,Delivered
4836,1626,2024-03-23,Delivered
4837,738,2025-01-03,Cancelled
4838,1669,2024-07-11,Delivered
4839,2229,2025-01-16,Delivered
4840,2200,2024-01-01,Pending
4841,2175,2024-10-12,Delivered
4842,2307,2024-01-13,Cancelled
4843,204,2025-06-03,Pending
4844,1533,2024-03-20,Delivered
4845,758,2024-04-07,Delivered
4846,2725,2024-02-25,Delivered
4847,2316,2024-04-30,Delivered
4848,301,2024-09-24,Delivered
4849,710,2024-12-03,Delivered
4850,1360,2025-05-06,Delivered
4851,2887,2025-04-24,Pending
4852,309,2024-02-16,Delivered
4853,1682,2024-08-21,Delivered
4854,1015,2025-04-19,Delivered
4855,1914,2024-03-31,Delivered
4856,1917,2024-12-30,Delivered
4857,706,2024-08-21,Delivered
4858,2328,2024-04-02,Delivered
4859,257,2024-02-03,Delivered
4860,2427,2024-06-07,Delivered
4861,609,2024-01-01,Cancelled
4862,1728,2024-04-16,Delivered
4863,1032,2024-10-26,Delivered
4864,1798,2025-03-06,Delivered
4865,778,2024-10-02,Delivered
4866,1685,2025-01-30,Delivered
4867,17,2024-02-10,Delivered
4868,1119,2024-06-15,Cancelled
4869,2452,2024-12-25,Delivered
4870,1389,2024-01-30,Delivered
4871,1502,2024-11-14,Delivered
4872,1820,2024-04-02,Delivered
4873,1296,2024-08-17,Cancelled
4874,2565,2024-12-09,Delivered
4875,1217,2025-06-22,Delivered
4876,2810,2024-02-19,Delivered
4877,2598,2024-10-27,Delivered
4878,1270,2024-10-19,Delivered
4879,1099,2024-02-04,Delivered
4880,2019,2024-11-30,Cancelled
4881,2229,2024-02-11,Delivered
4882,535,2025-01-10,Delivered
4883,709,2024-04-23,Delivered
4884,397,2024-03-09,Delivered
4885,2234,2024-02-09,Delivered
4886,2146,2024-09-07,Pending
4887,542,2024-05-08,Delivered
4888,1610,2024-09-10,Delivered
4889,2252,2025-05-04,Delivered
4890,2828,2025-04-01,Delivered
4891,512,2025-02-13,Delivered
4892,893,2024-09-12,Delivered
4893,1036,2024-03-02,Delivered
4894,1839,2024-08-10,Delivered
4895,376,2024-01-12,Delivered
4896,559,2024-03-08,Delivered
4897,2312,2024-06-13,Delivered
4898,1624,2025-01-14,Delivered
4899,442,2025-03-06,Delivered
4900,1161,2024-12-04,Delivered
4901,370,2024-05-20,Delivered
4902,1089,2025-01-26,Delivered
4903,1207,2025-06-28,Delivered
4904,313,2024-12-24,Delivered
4905,170,2025-02-19,Delivered
4906,2603,2025-04-22,Delivered
4907,2625,2025-01-25,Delivered
4908,2,2025-04-24,Cancelled
4909,1894,2024-06-10,Delivered
4910,268,2024-06-16,Delivered
4911,2394,2024-04-05,Delivered
4912,2598,2024-04-09,Delivered
4913,1801,2024-10-28,Delivered
4914,1801,2025-05-20,Delivered
4915,1110,2024-05-01,Delivered
4916,727,2025-01-24,Delivered
4917,1502,2024-02-12,Delivered
4918,369,2025-06-14,Delivered
4919,1996,2024-10-14,Cancelled
4920,1412,2024-09-28,Delivered
4921,507,2024-07-15,Delivered
4922,1724,2025-06-09,Delivered
4923,2352,2024-08-17,Delivered
4924,1725,2024-03-08,Delivered
4925,1592,2024-11-03,Delivered
4926,2513,2024-11-18,Delivered
4927,21,2025-02-11,Delivered
4928,1802,2024-09-28,Delivered
4929,1238,2024-06-01,Delivered
4930,559,2024-01-02,Delivered
4931,2938,2025-06-22,Delivered
4932,1218,2024-04-15,Delivered
4933,999,2024-07-10,Pending
4934,469,2024-03-24,Delivered
4935,2988,2024-05-08,Delivered
4936,2531,2024-02-03,Delivered
4937,192,2024-07-04,Delivered
4938,1673,2025-06-01,Delivered
4939,398,2024-05-02,Cancelled
4940,2147,2025-06-11,Delivered
4941,1454,2024-12-12,Cancelled
4942,313,2025-05-01,Cancelled
4943,1660,2024-12-04,Delivered
4944,2696,2025-06-23,Delivered
4945,1014,2024-10-28,Delivered
4946,138,2025-03-29,Delivered
4947,2823,2024-01-21,Delivered
4948,385,2025-05-23,Delivered
4949,1427,2024-01-10,Delivered
4950,1626,2024-04-17,Delivered
4951,688,2025-02-07,Delivered
4952,507,2024-05-20,Delivered
4953,313,2024-01-23,Delivered
4954,192,2025-04-15,Cancelled
4955,1531,2024-10-06,Delivered
4956,2499,2024-09-18,Delivered
4957,345,2024-06-21,Delivered
4958,2111,2025-01-26,Delivered
4959,1246,2024-06-20,Delivered
4960,94,2024-11-02,Delivered
4961,1609,2024-03-12,Delivered
4962,738,2024-06-15,Cancelled
4963,1780,2024-01-16,Delivered
4964,1039,2024-06-04,Delivered
4965,1975,2024-07-27,Delivered
4966,2715,2025-02-12,Delivered
4967,716,2025-03-24,Delivered
4968,2795,2024-10-17,Delivered
4969,592,2025-05-20,Delivered
4970,195,2024-07-15,Delivered
4971,559,2024-09-26,Delivered
4972,2416,2024-12-02,Cancelled
4973,2022,2024-04-06,Delivered
4974,2913,2024-08-17,Cancelled
4975,2131,2025-05-06,Delivered
4976,1247,2024-09-16,Delivered
4977,2650,2025-05-23,Delivered
4978,2871,2025-01-05,Cancelled
4979,2341,2024-04-02,Delivered
4980,1659,2024-09-07,Delivered
4981,2450,2024-07-18,Delivered
4982,514,2025-06-02,Delivered
4983,2670,2024-07-02,Delivered
4984,2998,2024-09-21,Delivered
4985,1970,2025-01-11,Delivered
4986,561,2025-06-09,Delivered
4987,393,2024-10-25,Cancelled
4988,2875,2025-04-07,Delivered
4989,2581,2024-03-04,Delivered
4990,2229,2025-05-01,Delivered
4991,2834,2024-04-23,Delivered
4992,1515,2025-02-20,Delivered
4993,2626,2024-10-18,Delivered
4994,455,2024-11-26,Delivered
4995,524,2024-02-20,Delivered
4996,1541,2024-10-17,Delivered
4997,988,2024-02-17,Delivered
4998,1292,2024-10-28,Delivered
4999,2357,2024-08-09,Delivered
5000,145,2024-04-19,Delivered
5001,2164,2024-09-25,Delivered
5002,253,2024-04-27,Delivered
5003,2513,2024-02-15,Delivered
5004,584,2024-01-19,Delivered
5005,2198,2024-07-05,Delivered
5006,1737,2025-02-11,Delivered
5007,1150,2024-11-10,Cancelled
5008,778,2024-03-09,Pending
5009,161,2024-08-30,Delivered
5010,1054,2024-11-13,Delivered
5011,576,2024-05-07,Delivered
5012,376,2024-03-16,Delivered
5013,2211,2024-05-15,Delivered
5014,610,2024-02-06,Delivered
5015,646,2024-05-12,Pending
5016,1014,2024-10-18,Delivered
5017,1385,2025-03-13,Delivered
5018,1546,2025-04-21,Delivered
5019,1966,2025-01-02,Delivered
5020,1725,2024-07-13,Delivered
5021,1453,2025-05-24,Delivered
5022,1180,2025-05-16,Delivered
5023,770,2024-07-14,Delivered
5024,2132,2024-01-06,Delivered
5025,932,2024-08-24,Delivered
5026,2519,2024-09-11,Delivered
5027,1717,2025-01-04,Delivered
5028,1864,2024-03-21,Delivered
5029,1533,2024-10-24,Cancelled
5030,2749,2024-06-21,Delivered
5031,1273,2024-09-27,Delivered
5032,1277,2024-01-13,Delivered
5033,2652,2024-10-15,Cancelled
5034,1778,2024-01-20,Delivered
5035,1339,2025-04-10,Delivered
5036,758,2025-01-24,Delivered
5037,716,2025-05-17,Delivered
5038,2374,2024-12-23,Delivered
5039,814,2025-06-18,Delivered
5040,9,2024-04-23,Delivered
5041,36,2024-01-04,Delivered
5042,2932,2025-05-07,Delivered
5043,1666,2024-12-26,Delivered
5044,1468,2025-01-10,Delivered
5045,2715,2024-06-07,Delivered
5046,1049,2024-07-02,Delivered
5047,2352,2025-01-05,Delivered
5048,2166,2024-08-10,Delivered
5049,1434,2024-02-11,Delivered
5050,2290,2024-06-08,Delivered
5051,2898,2024-07-28,Delivered
5052,576,2025-03-29,Delivered
5053,36,2024-07-06,Delivered
5054,2439,2024-09-26,Delivered
5055,1217,2024-11-22,Delivered
5056,1626,2024-03-14,Delivered
5057,644,2024-11-13,Delivered
5058,2498,2024-04-20,Delivered
5059,2165,2025-04-24,Delivered
5060,2842,2024-06-10,Pending
5061,1427,2024-06-15,Delivered
5062,2929,2024-08-08,Delivered
5063,1535,2024-07-15,Pending
5064,1819,2024-11-19,Delivered
5065,2009,2025-01-29,Delivered
5066,1469,2025-06-10,Delivered
5067,1671,2025-04-29,Delivered
5068,646,2024-05-23,Delivered
5069,1088,2024-11-25,Cancelled
5070,2113,2024-06-28,Delivered
5071,103,2025-03-15,Delivered
5072,2109,2024-01-14,Cancelled
5073,892,2025-06-27,Delivered
5074,787,2024-07-22,Pending
5075,2083,2025-02-10,Delivered
5076,621,2025-01-03,Delivered
5077,2882,2024-07-19,Delivered
5078,2966,2025-06-09,Delivered
5079,1373,2024-05-25,Cancelled
5080,1210,2025-02-08,Delivered
5081,226,2025-05-22,Delivered
5082,2303,2024-03-05,Pending
5083,455,2025-05-15,Delivered
5084,2766,2025-04-30,Pending
5085,2966,2024-07-26,Delivered
5086,334,2025-04-02,Delivered
5087,2048,2024-01-04,Delivered
5088,1399,2024-04-13,Delivered
5089,1619,2025-02-14,Delivered
5090,518,2025-05-25,Delivered
5091,2172,2024-03-09,Delivered
5092,465,2025-01-24,Delivered
5093,2617,2024-02-26,Delivered
5094,1355,2025-03-03,Delivered
5095,1864,2025-05-04,Delivered
5096,2726,2024-09-07,Delivered
5097,2209,2024-02-25,Delivered
5098,1617,2024-04-19,Delivered
5099,1216,2024-10-03,Cancelled
5100,1383,2025-03-12,Cancelled
5101,1016,2024-10-10,Delivered
5102,2824,2024-09-17,Delivered
5103,738,2024-11-23,Delivered
5104,1236,2025-06-12,Cancelled
5105,2303,2025-03-07,Delivered
5106,1096,2024-03-24,Delivered
5107,2621,2024-04-17,Delivered
5108,709,2024-07-13,Delivered
5109,84,2024-05-27,Delivered
5110,1852,2025-02-05,Delivered
5111,1532,2025-06-25,Cancelled
5112,2766,2024-11-08,Delivered
5113,1273,2025-05-01,Cancelled
5114,376,2024-08-24,Delivered
5115,978,2025-01-10,Delivered
5116,1175,2025-01-18,Cancelled
5117,1713,2024-06-09,Delivered
5118,793,2025-02-04,Delivered
5119,1637,2024-10-19,Delivered
5120,2692,2024-11-11,Delivered
5121,1273,2024-05-17,Delivered
5122,1928,2024-06-23,Cancelled
5123,668,2025-04-13,Pending
5124,2374,2024-12-03,Delivered
5125,786,2024-03-12,Delivered
5126,1708,2024-10-24,Delivered
5127,880,2024-12-03,Delivered
5128,192,2025-03-11,Delivered
5129,941,2025-04-10,Delivered
5130,610,2024-12-22,Delivered
5131,2651,2024-01-07,Delivered
5132,771,2024-09-28,Delivered
5133,2923,2024-04-22,Delivered
5134,1482,2024-01-11,Delivered
5135,638,2025-05-19,Delivered
5136,1172,2024-04-01,Delivered
5137,527,2024-05-14,Delivered
5138,2466,2024-07-02,Delivered
5139,332,2024-09-11,Delivered
5140,2585,2024-11-24,Delivered
5141,119,2024-06-18,Delivered
5142,878,2025-03-08,Cancelled
5143,380,2024-03-27,Delivered
5144,2059,2025-06-08,Delivered
5145,1541,2025-04-12,Delivered
5146,2795,2024-11-23,Delivered
5147,1100,2024-01-27,Delivered
5148,105,2025-02-01,Delivered
5149,2238,2025-01-19,Delivered
5150,1706,2024-12-05,Delivered
5151,2453,2024-06-01,Cancelled
5152,1274,2024-08-22,Delivered
5153,2209,2024-08-14,Delivered
5154,480,2024-11-28,Delivered
5155,2998,2024-06-29,Delivered
5156,490,2024-08-06,Delivered
5157,2453,2025-05-10,Delivered
5158,610,2024-09-04,Delivered
5159,2314,2024-11-20,Delivered
5160,2542,2025-05-12,Delivered
5161,2596,2025-05-30,Cancelled
5162,1428,2024-11-03,Delivered
5163,1279,2024-05-24,Delivered
5164,2466,2024-02-24,Delivered
5165,1706,2025-04-14,Delivered
5166,1818,2024-10-12,Delivered
5167,683,2024-11-05,Delivered
5168,1332,2025-06-04,Delivered
5169,1104,2024-07-21,Delivered
5170,1970,2024-02-24,Delivered
5171,563,2025-01-02,Delivered
5172,1223,2025-06-14,Delivered
5173,2515,2024-04-02,Delivered
5174,1631,2025-06-23,Delivered
5175,2665,2024-10-22,Delivered
5176,680,2024-11-02,Delivered
5177,1311,2025-06-08,Delivered
5178,1504,2024-06-30,Delivered
5179,1207,2025-02-10,Cancelled
5180,2055,2024-01-05,Pending
5181,399,2025-01-01,Delivered
5182,1564,2024-01-09,Delivered
5183,377,2024-01-03,Cancelled
5184,1852,2024-07-30,Delivered
5185,2455,2024-07-22,Delivered
5186,39,2025-03-03,Delivered
5187,1366,2025-05-01,Delivered
5188,1484,2025-05-29,Delivered
5189,2162,2024-12-06,Delivered
5190,214,2024-03-25,Delivered
5191,1224,2025-01-01,Delivered
5192,2328,2024-09-23,Delivered
5193,1598,2024-10-15,Delivered
5194,2229,2024-09-30,Delivered
5195,1096,2025-04-27,Cancelled
5196,2719,2024-07-26,Pending
5197,219,2025-06-10,Delivered
5198,257,2024-10-21,Delivered
5199,1589,2025-01-10,Delivered
5200,1413,2025-05-20,Delivered
5201,1884,2025-03-20,Delivered
5202,669,2024-08-27,Delivered
5203,655,2024-04-21,Delivered
5204,2229,2024-03-16,Delivered
5205,853,2024-07-17,Pending
5206,2180,2024-12-29,Delivered
5207,1893,2025-03-11,Delivered
5208,243,2024-01-18,Delivered
5209,2135,2024-09-09,Delivered
5210,2598,2025-05-28,Cancelled
5211,2420,2025-03-24,Delivered
5212,18,2025-05-28,Delivered
5213,1615,2025-06-06,Delivered
5214,2705,2024-02-20,Delivered
5215,1755,2025-01-06,Delivered
5216,847,2024-10-27,Delivered
5217,560,2024-09-17,Delivered
5218,2057,2025-03-11,Delivered
5219,2277,2025-05-25,Cancelled
5220,2702,2024-09-10,Delivered
5221,2688,2024-12-20,Delivered
5222,1012,2024-09-18,Delivered
5223,1778,2024-12-13,Delivered
5224,290,2025-06-13,Delivered
5225,269,2025-03-19,Delivered
5226,201,2024-05-05,Delivered
5227,2748,2025-04-18,Delivered
5228,411,2024-10-14,Delivered
5229,1453,2024-11-15,Delivered
5230,1294,2024-03-03,Cancelled
5231,962,2024-08-30,Delivered
5232,1613,2024-06-14,Delivered
5233,2,2024-02-17,Delivered
5234,1136,2025-04-09,Delivered
5235,1440,2024-03-11,Delivered
5236,2375,2025-01-26,Delivered
5237,2111,2025-02-10,Delivered
5238,2520,2024-11-30,Delivered
5239,1125,2025-04-03,Delivered
5240,381,2024-03-03,Delivered
5241,1209,2024-01-09,Delivered
5242,2887,2025-04-09,Delivered
5243,620,2024-04-10,Delivered
5244,495,2024-06-11,Delivered
5245,2819,2025-01-11,Pending
5246,2834,2024-10-19,Delivered
5247,400,2024-04-19,Delivered
5248,2270,2024-05-07,Delivered
5249,1281,2025-04-01,Delivered
5250,1482,2024-10-11,Delivered
5251,1499,2025-05-18,Delivered
5252,2906,2024-11-02,Cancelled
5253,532,2024-12-28,Delivered
5254,2281,2024-07-04,Cancelled
5255,9,2024-01-17,Delivered
5256,1852,2024-10-03,Delivered
5257,1930,2025-02-02,Delivered
5258,2229,2024-08-09,Delivered
5259,2745,2025-04-14,Delivered
5260,2229,2025-01-15,Cancelled
5261,2189,2024-10-03,Delivered
5262,738,2024-10-23,Delivered
5263,2969,2024-05-04,Delivered
5264,1408,2025-04-24,Delivered
5265,1262,2024-02-02,Cancelled
5266,1506,2024-01-28,Delivered
5267,1182,2025-03-04,Delivered
5268,1739,2024-01-15,Delivered
5269,1042,2024-10-05,Delivered
5270,703,2024-04-12,Delivered
5271,2749,2025-01-06,Delivered
5272,2749,2024-03-05,Delivered
5273,1491,2024-05-24,Pending
5274,2885,2024-10-14,Cancelled
5275,1255,2024-07-25,Delivered
5276,1159,2024-04-19,Delivered
5277,2715,2024-02-04,Delivered
5278,1861,2024-01-09,Delivered
5279,2241,2024-04-14,Delivered
5280,1247,2024-06-03,Delivered
5281,1225,2024-03-06,Delivered
5282,242,2024-10-05,Pending
5283,2898,2025-04-28,Delivered
5284,664,2025-01-24,Pending
5285,1490,2024-06-16,Delivered
5286,314,2024-08-27,Delivered
5287,1915,2025-02-24,Pending
5288,1171,2025-06-09,Delivered
5289,2263,2024-10-28,Delivered
5290,1589,2024-04-18,Delivered
5291,358,2025-04-18,Cancelled
5292,21,2024-10-07,Delivered
5293,610,2024-01-17,Cancelled
5294,2173,2024-05-18,Delivered
5295,2453,2024-10-17,Delivered
5296,1015,2025-03-16,Delivered
5297,1609,2025-04-10,Delivered
5298,703,2024-04-12,Delivered
5299,2599,2025-01-29,Delivered
5300,2897,2025-06-09,Delivered
5301,2229,2025-03-12,Delivered
5302,254,2025-01-26,Delivered
5303,1302,2025-03-10,Delivered
5304,2966,2024-10-31,Delivered
5305,670,2024-11-27,Delivered
5306,1991,2024-10-17,Delivered
5307,2789,2025-06-05,Delivered
5308,2281,2024-07-16,Delivered
5309,1795,2025-02-28,Delivered
5310,1525,2024-01-12,Delivered
5311,2750,2024-08-16,Delivered
5312,1185,2025-05-14,Delivered
5313,2673,2024-05-12,Delivered
5314,1285,2025-03-10,Delivered
5315,2229,2024-10-01,Delivered
5316,2712,2024-03-14,Pending
5317,1639,2024-02-28,Delivered
5318,912,2024-03-07,Delivered
5319,138,2024-09-11,Delivered
5320,2390,2024-06-17,Delivered
5321,1823,2025-05-03,Delivered
5322,761,2025-02-20,Delivered
5323,2598,2024-03-19,Delivered
5324,2719,2024-10-01,Delivered
5325,2622,2025-02-22,Delivered
5326,1769,2024-12-23,Delivered
5327,2929,2024-01-06,Delivered
5328,2588,2024-01-04,Delivered
5329,294,2024-11-14,Delivered
5330,2941,2025-05-19,Cancelled
5331,1636,2024-01-28,Delivered
5332,2719,2024-03-31,Delivered
5333,2232,2024-04-13,Delivered
5334,1916,2024-06-23,Delivered
5335,966,2025-05-01,Delivered
5336,65,2025-06-01,Delivered
5337,799,2024-06-16,Delivered
5338,2059,2025-02-04,Delivered
5339,2552,2024-01-06,Delivered
5340,2,2024-10-06,Delivered
5341,597,2024-12-08,Delivered
5342,2001,2025-04-16,Delivered
5343,831,2025-03-24,Delivered
5344,385,2024-02-03,Delivered
5345,236,2024-08-13,Delivered
5346,1880,2024-02-11,Delivered
5347,1742,2024-01-06,Delivered
5348,2539,2024-03-25,Delivered
5349,925,2025-05-24,Delivered
5350,376,2024-05-24,Delivered
5351,2366,2025-02-07,Delivered
5352,2959,2025-01-22,Delivered
5353,1081,2025-04-18,Delivered
5354,2564,2024-10-17,Delivered
5355,2241,2025-06-16,Delivered
5356,2700,2024-08-20,Delivered
5357,1273,2025-03-05,Delivered
5358,290,2025-03-03,Delivered
5359,329,2024-10-23,Delivered
5360,2248,2024-06-22,Delivered
5361,2554,2024-03-27,Delivered
5362,1366,2024-02-16,Delivered
5363,169,2024-09-29,Delivered
5364,191,2024-08-04,Delivered
5365,1754,2024-04-24,Cancelled
5366,2716,2025-02-22,Delivered
5367,1206,2024-03-29,Delivered
5368,1925,2024-09-15,Delivered
5369,1623,2024-08-22,Delivered
5370,2637,2025-06-17,Delivered
5371,2463,2024-02-26,Cancelled
5372,571,2025-04-12,Delivered
5373,2022,2025-01-08,Delivered
5374,2513,2025-03-07,Delivered
5375,2754,2025-02-28,Pending
5376,1728,2025-02-26,Delivered
5377,502,2024-08-25,Delivered
5378,1663,2024-11-13,Delivered
5379,1972,2024-07-18,Cancelled
5380,787,2025-05-07,Delivered
5381,2919,2024-05-03,Delivered
5382,670,2024-11-18,Delivered
5383,2698,2024-04-25,Delivered
5384,1273,2024-07-22,Delivered
5385,2,2025-06-09,Delivered
5386,1625,2024-04-16,Delivered
5387,1852,2025-04-28,Delivered
5388,2577,2025-03-19,Delivered
5389,1616,2024-07-18,Delivered
5390,268,2024-07-21,Delivered
5391,2748,2024-01-04,Delivered
5392,1673,2025-03-07,Delivered
5393,787,2024-12-29,Delivered
5394,2667,2025-06-20,Delivered
5395,333,2024-06-08,Delivered
5396,273,2024-08-05,Delivered
5397,1605,2025-01-09,Delivered
5398,1838,2024-07-05,Delivered
5399,1535,2024-06-23,Delivered
5400,2750,2024-04-02,Delivered
5401,759,2025-06-23,Delivered
5402,2964,2024-09-16,Delivered
5403,36,2025-02-24,Delivered
5404,329,2024-12-23,Delivered
5405,535,2024-11-23,Delivered
5406,228,2024-06-19,Delivered
5407,1308,2024-06-21,Delivered
5408,2565,2024-09-22,Delivered
5409,2436,2024-03-14,Delivered
5410,2224,2024-10-20,Delivered
5411,14,2024-02-19,Delivered
5412,2565,2024-05-30,Delivered
5413,1192,2024-12-11,Delivered
5414,2187,2024-01-13,Pending
5415,2179,2024-01-25,Delivered
5416,507,2024-04-27,Delivered
5417,1552,2025-02-16,Delivered
5418,2747,2025-03-14,Pending
5419,761,2024-01-01,Cancelled
5420,2146,2024-05-31,Cancelled
5421,2871,2024-01-31,Delivered
5422,1081,2024-01-08,Pending
5423,1159,2025-05-29,Delivered
5424,1350,2024-08-20,Delivered
5425,2388,2025-03-10,Delivered
5426,1309,2025-01-07,Delivered
5427,1461,2024-09-02,Delivered
5428,643,2025-02-14,Delivered
5429,2959,2024-05-15,Delivered
5430,2649,2024-08-13,Delivered
5431,1763,2024-07-25,Delivered
5432,2879,2024-11-08,Delivered
5433,2062,2024-04-24,Delivered
5434,2873,2025-02-11,Delivered
5435,448,2025-04-04,Delivered
5436,652,2025-04-30,Delivered
5437,2616,2025-05-03,Cancelled
5438,1266,2024-12-15,Delivered
5439,1108,2025-03-11,Delivered
5440,2229,2025-01-12,Delivered
5441,1856,2025-06-04,Delivered
5442,1022,2024-02-23,Delivered
5443,1197,2024-04-18,Delivered
5444,1232,2024-08-17,Pending
5445,344,2024-12-05,Delivered
5446,670,2025-04-30,Pending
5447,1612,2024-02-21,Delivered
5448,2313,2024-03-28,Delivered
5449,1265,2025-04-14,Delivered
5450,1145,2024-06-18,Delivered
5451,1924,2024-01-10,Delivered
5452,428,2025-01-05,Delivered
5453,1138,2025-04-24,Delivered
5454,597,2025-05-07,Delivered
5455,1928,2025-04-11,Delivered
5456,313,2024-02-02,Delivered
5457,1335,2024-03-14,Cancelled
5458,1746,2025-04-20,Cancelled
5459,2466,2025-01-13,Delivered
5460,2173,2024-04-30,Delivered
5461,2812,2024-07-30,Pending
5462,2031,2025-04-15,Delivered
5463,1039,2025-05-22,Cancelled
5464,673,2025-04-30,Delivered
5465,156,2024-09-08,Delivered
5466,804,2025-02-27,Delivered
5467,376,2024-01-25,Delivered
5468,1104,2025-05-19,Delivered
5469,2116,2024-05-01,Delivered
5470,2078,2025-06-08,Delivered
5471,935,2024-01-09,Delivered
5472,1533,2025-05-20,Delivered
5473,626,2024-10-14,Delivered
5474,1513,2024-10-07,Delivered
5475,1533,2025-01-04,Delivered
5476,884,2024-09-10,Delivered
5477,750,2025-06-03,Pending
5478,2938,2024-02-27,Delivered
5479,1612,2024-12-24,Delivered
5480,1669,2024-04-27,Pending
5481,15,2024-01-21,Cancelled
5482,520,2024-12-22,Delivered
5483,1068,2025-01-05,Delivered
5484,2898,2024-03-10,Delivered
5485,499,2025-01-31,Delivered
5486,892,2025-05-29,Delivered
5487,2964,2025-01-14,Pending
5488,1452,2024-05-03,Delivered
5489,936,2024-02-16,Delivered
5490,1864,2024-02-18,Cancelled
5491,1491,2024-12-03,Cancelled
5492,2866,2024-05-08,Delivered
5493,242,2024-07-21,Delivered
5494,2337,2024-01-27,Delivered
5495,812,2024-08-28,Delivered
5496,2380,2024-03-31,Delivered
5497,2513,2024-08-21,Delivered
5498,2515,2024-11-16,Delivered
5499,2565,2025-06-08,Delivered
5500,2155,2024-06-06,Delivered
5501,388,2024-06-24,Delivered
5502,143,2025-03-13,Delivered
5503,1014,2025-06-04,Delivered
5504,1491,2024-08-08,Pending
5505,892,2024-07-07,Delivered
5506,2216,2025-01-24,Delivered
5507,2167,2025-02-14,Delivered
5508,2918,2025-01-21,Delivered
5509,1207,2024-12-15,Delivered
5510,2328,2024-03-15,Delivered
5511,2213,2024-05-23,Cancelled
5512,2961,2024-01-31,Delivered
5513,2281,2024-07-31,Cancelled
5514,831,2025-04-04,Delivered
5515,31,2024-05-02,Delivered
5516,2905,2025-01-17,Cancelled
5517,2149,2024-08-17,Delivered
5518,2404,2024-04-05,Delivered
5519,2347,2024-05-01,Delivered
5520,2200,2025-01-06,Delivered
5521,2229,2025-03-07,Delivered
5522,2750,2024-06-28,Cancelled
5523,2709,2025-05-16,Delivered
5524,1131,2024-01-31,Cancelled
5525,84,2024-11-09,Delivered
5526,103,2024-05-04,Delivered
5527,1333,2025-05-01,Delivered
5528,2470,2025-02-16,Delivered
5529,2513,2024-02-02,Pending
5530,1220,2024-08-01,Delivered
5531,886,2025-02-11,Delivered
5532,1524,2024-10-24,Delivered
5533,2463,2024-09-24,Delivered
5534,1868,2024-03-15,Delivered
5535,380,2024-11-07,Delivered
5536,1088,2024-02-20,Delivered
5537,1657,2024-06-23,Delivered
5538,1613,2024-05-10,Pending
5539,2457,2024-12-24,Delivered
5540,2763,2024-09-15,Delivered
5541,287,2024-08-20,Delivered
5542,649,2025-04-07,Delivered
5543,1173,2024-07-31,Delivered
5544,870,2025-02-20,Delivered
5545,1232,2025-04-29,Delivered
5546,105,2024-03-28,Delivered
5547,188,2025-02-10,Delivered
5548,2484,2024-02-09,Delivered
5549,291,2024-12-16,Delivered
5550,2450,2024-05-03,Delivered
5551,897,2024-05-19,Delivered
5552,909,2025-04-10,Cancelled
5553,289,2024-04-11,Delivered
5554,31,2024-10-08,Delivered
5555,1060,2025-03-02,Delivered
5556,2472,2025-03-16,Delivered
5557,2719,2024-04-21,Delivered
5558,177,2024-07-20,Delivered
5559,84,2024-11-02,Delivered
5560,435,2024-11-18,Delivered
5561,2256,2024-03-30,Delivered
5562,593,2024-11-20,Delivered
5563,673,2024-01-01,Delivered
5564,2633,2024-12-08,Delivered
5565,2589,2025-02-05,Delivered
5566,1991,2024-09-13,Delivered
5567,463,2024-05-13,Delivered
5568,1138,2024-05-10,Delivered
5569,683,2025-01-11,Delivered
5570,1995,2024-08-21,Delivered
5571,2311,2025-05-22,Delivered
5572,385,2025-06-16,Delivered
5573,2667,2024-08-25,Delivered
5574,1387,2024-05-28,Delivered
5575,2352,2025-03-19,Delivered
5576,143,2025-01-30,Delivered
5577,1081,2024-03-30,Delivered
5578,31,2025-05-30,Delivered
5579,2157,2024-04-19,Delivered
5580,228,2024-11-05,Delivered
5581,1008,2024-04-12,Delivered
5582,2313,2024-09-24,Cancelled
5583,2229,2024-12-07,Delivered
5584,1892,2024-03-06,Cancelled
5585,2085,2024-05-21,Delivered
5586,1927,2025-02-15,Delivered
5587,1894,2025-06-05,Delivered
5588,1042,2025-05-12,Delivered
5589,66,2025-02-14,Delivered
5590,1319,2025-06-19,Delivered
5591,118,2024-03-31,Delivered
5592,1409,2024-04-20,Delivered
5593,1394,2024-08-09,Delivered
5594,512,2025-05-17,Delivered
5595,2322,2025-03-12,Delivered
5596,2119,2024-07-21,Cancelled
5597,1664,2024-01-09,Delivered
5598,2745,2024-12-04,Delivered
5599,836,2024-06-17,Delivered
5600,758,2024-05-02,Delivered
5601,527,2024-04-26,Delivered
5602,1626,2024-05-15,Delivered
5603,595,2024-06-23,Delivered
5604,2573,2024-12-03,Delivered
5605,893,2024-03-30,Delivered
5606,1477,2024-09-21,Delivered
5607,1592,2025-05-17,Cancelled
5608,901,2025-06-10,Delivered
5609,2210,2025-03-28,Delivered
5610,2078,2024-05-24,Delivered
5611,2234,2024-03-20,Delivered
5612,1783,2025-04-24,Cancelled
5613,1374,2024-08-08,Delivered
5614,1339,2024-09-08,Delivered
5615,2150,2024-08-20,Cancelled
5616,1126,2024-03-14,Delivered
5617,1303,2025-01-28,Delivered
5618,460,2024-05-10,Delivered
5619,2030,2024-05-07,Delivered
5620,219,2025-02-16,Delivered
5621,2966,2025-01-24,Delivered
5622,391,2025-03-27,Delivered
5623,1144,2025-01-20,Delivered
5624,691,2024-01-22,Cancelled
5625,847,2024-08-15,Delivered
5626,955,2024-08-11,Delivered
5627,2157,2024-06-24,Delivered
5628,505,2024-09-26,Delivered
5629,767,2024-09-28,Delivered
5630,290,2024-12-01,Cancelled
5631,984,2025-06-08,Delivered
5632,2804,2024-12-21,Delivered
5633,1136,2025-05-24,Cancelled
5634,2303,2025-03-29,Delivered
5635,1381,2025-02-04,Delivered
5636,1339,2024-05-29,Cancelled
5637,2450,2024-11-11,Delivered
5638,65,2024-03-02,Delivered
5639,2562,2025-05-19,Pending
5640,1458,2024-04-11,Cancelled
5641,1048,2024-05-10,Cancelled
5642,2692,2025-05-26,Delivered
5643,1014,2024-03-07,Cancelled
5644,2931,2024-10-25,Delivered
5645,2780,2024-11-09,Delivered
5646,780,2024-04-29,Delivered
5647,1014,2024-07-31,Delivered
5648,2400,2025-03-05,Delivered
5649,561,2025-01-23,Cancelled
5650,2188,2024-11-16,Delivered
5651,355,2024-10-23,Delivered
5652,595,2024-07-19,Delivered
5653,1504,2024-12-06,Delivered
5654,2228,2024-01-10,Delivered
5655,2213,2024-02-08,Delivered
5656,1795,2025-03-03,Delivered
5657,787,2024-04-05,Delivered
5658,1254,2025-01-26,Delivered
5659,717,2024-01-09,Delivered
5660,799,2024-05-23,Delivered
5661,957,2025-05-27,Delivered
5662,1755,2024-05-25,Delivered
5663,597,2025-06-20,Delivered
5664,113,2024-05-28,Delivered
5665,2079,2024-12-13,Delivered
5666,48,2025-01-01,Delivered
5667,2913,2024-12-12,Delivered
5668,1046,2024-06-09,Delivered
5669,10,2025-02-18,Delivered
5670,2613,2024-06-18,Delivered
5671,1761,2025-03-20,Delivered
5672,2423,2024-07-24,Delivered
5673,1297,2025-04-01,Delivered
5674,1059,2025-06-19,Pending
5675,1937,2025-02-16,Delivered
5676,1224,2024-09-08,Delivered
5677,1659,2024-08-18,Pending
5678,804,2024-07-25,Delivered
5679,988,2024-07-10,Delivered
5680,238,2024-09-13,Delivered
5681,2312,2024-09-22,Delivered
5682,1038,2025-01-27,Delivered
5683,2923,2025-04-30,Delivered
5684,752,2025-04-27,Cancelled
5685,1427,2024-11-25,Delivered
5686,897,2025-06-24,Delivered
5687,2084,2025-05-02,Delivered
5688,2383,2024-09-22,Cancelled
5689,1461,2024-08-13,Delivered
5690,1102,2024-09-08,Delivered
5691,2224,2024-01-13,Delivered
5692,553,2024-06-29,Delivered
5693,1759,2024-07-28,Delivered
5694,2192,2025-03-01,Delivered
5695,784,2024-05-23,Delivered
5696,1939,2024-12-23,Delivered
5697,2200,2024-06-24,Delivered
5698,323,2024-07-17,Cancelled
5699,959,2024-02-07,Delivered
5700,1224,2024-10-10,Delivered
5701,2297,2024-02-23,Cancelled
5702,1679,2024-04-22,Delivered
5703,1339,2024-09-30,Delivered
5704,939,2025-01-13,Delivered
5705,3,2024-08-08,Delivered
5706,41,2024-05-17,Delivered
5707,705,2025-05-04,Cancelled
5708,321,2024-07-09,Delivered
5709,331,2024-06-24,Cancelled
5710,1775,2024-02-07,Delivered
5711,1781,2024-07-11,Cancelled
5712,118,2024-04-30,Delivered
5713,1739,2024-07-12,Delivered
5714,395,2024-04-16,Cancelled
5715,1127,2024-04-17,Delivered
5716,2963,2025-02-05,Delivered
5717,1571,2024-09-16,Delivered
5718,92,2025-01-14,Delivered
5719,1033,2024-11-10,Delivered
5720,1991,2024-10-20,Delivered
5721,650,2024-09-11,Delivered
5722,2892,2024-07-30,Delivered
5723,1273,2024-05-23,Delivered
5724,43,2025-04-30,Delivered
5725,1616,2024-08-11,Delivered
5726,2019,2025-04-27,Delivered
5727,1361,2025-02-23,Delivered
5728,2749,2024-11-25,Delivered
5729,2675,2025-04-05,Delivered
5730,379,2024-12-25,Delivered
5731,230,2025-03-21,Delivered
5732,916,2025-03-10,Delivered
5733,1791,2024-12-18,Pending
5734,1771,2025-01-29,Delivered
5735,787,2025-03-22,Pending
5736,2836,2024-05-02,Delivered
5737,900,2025-04-23,Delivered
5738,2376,2024-10-01,Delivered
5739,2461,2024-03-07,Delivered
5740,279,2024-03-23,Pending
5741,680,2025-02-13,Delivered
5742,623,2025-03-17,Delivered
5743,2718,2024-12-23,Delivered
5744,1048,2024-12-22,Delivered
5745,2480,2025-04-17,Delivered
5746,1434,2025-06-18,Delivered
5747,1367,2025-03-30,Cancelled
5748,2678,2024-03-15,Delivered
5749,1317,2025-03-14,Delivered
5750,2225,2024-10-05,Delivered
5751,1273,2025-03-11,Cancelled
5752,290,2025-01-30,Cancelled
5753,145,2025-01-05,Cancelled
5754,597,2025-04-18,Delivered
5755,2166,2024-03-23,Delivered
5756,1117,2025-04-10,Delivered
5757,1355,2024-07-08,Delivered
5758,290,2024-04-20,Delivered
5759,1828,2025-01-28,Cancelled
5760,2375,2025-06-20,Delivered
5761,1837,2024-02-17,Delivered
5762,2947,2025-06-19,Delivered
5763,33,2024-07-06,Delivered
5764,31,2025-06-13,Pending
5765,1504,2024-01-27,Delivered
5766,772,2024-12-01,Delivered
5767,2060,2024-10-18,Delivered
5768,2347,2025-03-30,Delivered
5769,291,2024-09-14,Delivered
5770,2715,2024-02-11,Delivered
5771,78,2024-04-10,Delivered
5772,2067,2024-05-19,Delivered
5773,1148,2025-04-20,Delivered
5774,1979,2024-02-20,Delivered
5775,274,2025-04-03,Cancelled
5776,2783,2024-10-03,Delivered
5777,2783,2024-11-04,Delivered
5778,1564,2025-06-10,Cancelled
5779,1533,2025-02-22,Delivered
5780,1864,2024-12-20,Delivered
5781,1708,2025-03-26,Delivered
5782,1626,2024-09-08,Pending
5783,1726,2025-05-23,Delivered
5784,2539,2025-03-08,Delivered
5785,1799,2025-06-17,Pending
5786,561,2024-10-27,Delivered
5787,2709,2024-12-16,Delivered
5788,625,2024-09-06,Delivered
5789,465,2025-05-20,Delivered
5790,2985,2024-12-09,Pending
5791,612,2024-03-27,Delivered
5792,287,2024-10-06,Delivered
5793,1669,2024-03-13,Delivered
5794,2453,2024-12-16,Pending
5795,175,2025-01-16,Delivered
5796,1472,2025-03-14,Cancelled
5797,192,2024-03-24,Delivered
5798,1279,2024-09-09,Pending
5799,1022,2024-07-12,Delivered
5800,376,2024-08-14,Cancelled
5801,2759,2025-05-28,Delivered
5802,1864,2024-11-01,Delivered
5803,2503,2024-08-30,Delivered
5804,2688,2025-05-08,Delivered
5805,2754,2024-10-17,Delivered
5806,2229,2024-08-18,Delivered
5807,898,2024-10-21,Delivered
5808,2453,2025-04-07,Delivered
5809,1564,2024-09-04,Delivered
5810,787,2024-12-02,Delivered
5811,1151,2024-04-07,Delivered
5812,884,2024-01-07,Delivered
5813,1400,2024-02-06,Delivered
5814,2312,2024-09-17,Delivered
5815,1458,2025-01-27,Pending
5816,779,2024-04-24,Delivered
5817,252,2025-05-29,Delivered
5818,2529,2024-03-23,Delivered
5819,1261,2025-01-15,Delivered
5820,1320,2024-05-08,Delivered
5821,2249,2024-02-02,Delivered
5822,2520,2025-01-23,Delivered
5823,1536,2024-10-09,Delivered
5824,1857,2024-12-08,Cancelled
5825,699,2025-05-29,Pending
5826,2772,2024-10-20,Pending
5827,1681,2025-04-04,Delivered
5828,2159,2024-09-27,Delivered
5829,314,2024-07-09,Cancelled
5830,1873,2024-07-31,Delivered
5831,1104,2024-07-07,Delivered
5832,1339,2025-04-29,Cancelled
5833,2042,2024-10-06,Delivered
5834,2354,2025-05-24,Delivered
5835,1039,2024-05-17,Delivered
5836,2584,2025-02-21,Delivered
5837,633,2024-03-04,Delivered
5838,1672,2024-06-06,Delivered
5839,408,2024-01-19,Delivered
5840,844,2025-05-13,Delivered
5841,2664,2024-06-11,Delivered
5842,24,2025-03-23,Cancelled
5843,2710,2024-08-20,Delivered
5844,973,2024-03-08,Delivered
5845,2090,2024-07-06,Delivered
5846,259,2024-07-05,Delivered
5847,1894,2024-10-04,Delivered
5848,2693,2024-06-27,Delivered
5849,1656,2025-01-04,Delivered
5850,1088,2025-02-02,Delivered
5851,2348,2024-03-25,Delivered
5852,2139,2024-10-13,Delivered
5853,326,2024-11-11,Delivered
5854,1972,2024-05-25,Delivered
5855,1967,2025-02-25,Delivered
5856,2229,2024-05-06,Cancelled
5857,930,2025-04-20,Pending
5858,1209,2024-09-06,Delivered
5859,2877,2024-07-18,Delivered
5860,1696,2024-12-29,Delivered
5861,1533,2024-12-04,Delivered
5862,2952,2024-10-04,Delivered
5863,670,2025-01-09,Delivered
5864,1198,2024-05-22,Delivered
5865,2231,2025-03-17,Delivered
5866,2141,2024-12-04,Delivered
5867,2898,2024-04-26,Delivered
5868,1934,2025-06-29,Delivered
5869,919,2025-04-17,Delivered
5870,1196,2024-04-06,Delivered
5871,255,2025-03-04,Delivered
5872,2735,2024-10-15,Delivered
5873,354,2025-02-24,Cancelled
5874,1631,2024-07-24,Delivered
5875,1210,2024-05-13,Delivered
5876,369,2024-04-29,Delivered
5877,859,2024-02-06,Delivered
5878,1862,2025-04-23,Cancelled
5879,84,2024-06-19,Cancelled
5880,2898,2025-06-06,Delivered
5881,2692,2024-05-03,Delivered
5882,246,2024-07-10,Delivered
5883,2570,2025-04-24,Delivered
5884,973,2024-07-08,Cancelled
5885,192,2025-02-18,Delivered
5886,897,2024-02-20,Delivered
5887,2388,2025-06-04,Delivered
5888,1972,2024-12-03,Delivered
5889,694,2025-02-13,Cancelled
5890,2159,2024-01-15,Delivered
5891,2125,2025-06-10,Delivered
5892,2220,2024-09-27,Delivered
5893,1616,2024-04-25,Delivered
5894,2428,2024-03-24,Delivered
5895,1895,2024-02-17,Delivered
5896,341,2025-01-02,Delivered
5897,2394,2024-04-26,Delivered
5898,958,2025-05-22,Delivered
5899,2119,2024-05-04,Pending
5900,2015,2024-02-18,Delivered
5901,1003,2025-04-10,Delivered
5902,448,2025-02-28,Delivered
5903,2089,2024-10-10,Cancelled
5904,2515,2025-03-29,Delivered
5905,2483,2025-01-31,Delivered
5906,1848,2024-04-06,Delivered
5907,661,2024-08-15,Delivered
5908,930,2025-05-18,Delivered
5909,2229,2025-01-05,Delivered
5910,1240,2024-12-05,Delivered
5911,2190,2024-04-06,Delivered
5912,909,2024-10-19,Cancelled
5913,10,2024-03-31,Delivered
5914,1778,2025-01-01,Delivered
5915,1766,2024-05-01,Pending
5916,1850,2024-06-06,Delivered
5917,780,2024-11-09,Delivered
5918,2398,2024-01-14,Delivered
5919,1463,2025-01-16,Delivered
5920,2241,2024-08-29,Delivered
5921,1799,2024-10-06,Delivered
5922,1258,2025-02-09,Delivered
5923,2030,2025-02-24,Delivered
5924,1702,2025-05-16,Delivered
5925,1535,2024-04-08,Delivered
5926,1917,2024-08-22,Delivered
5927,248,2024-02-22,Delivered
5928,2693,2024-05-23,Cancelled
5929,999,2024-10-28,Delivered
5930,650,2024-03-12,Delivered
5931,2279,2024-08-31,Delivered
5932,673,2025-05-25,Delivered
5933,2979,2024-02-08,Delivered
5934,1269,2024-05-06,Pending
5935,870,2024-06-03,Delivered
5936,178,2025-05-12,Delivered
5937,110,2025-02-04,Delivered
5938,269,2024-04-10,Delivered
5939,7,2025-01-17,Delivered
5940,967,2024-01-10,Delivered
5941,913,2025-03-11,Delivered
5942,1283,2024-05-02,Delivered
5943,680,2025-01-23,Delivered
5944,178,2024-09-26,Delivered
5945,198,2025-02-04,Delivered
5946,521,2024-07-09,Delivered
5947,931,2024-10-16,Delivered
5948,398,2025-05-10,Cancelled
5949,1098,2025-03-14,Delivered
5950,2730,2024-10-24,Delivered
5951,758,2025-05-18,Delivered
5952,465,2024-03-05,Delivered
5953,1968,2025-01-17,Delivered
5954,1477,2024-12-07,Delivered
5955,125,2024-05-20,Delivered
5956,2331,2024-07-31,Delivered
5957,2146,2024-08-09,Delivered
5958,2930,2025-01-05,Delivered
5959,2788,2024-12-07,Delivered
5960,1716,2025-03-05,Delivered
5961,2059,2024-12-24,Delivered
5962,1237,2025-06-22,Delivered
5963,2631,2025-03-29,Delivered
5964,1649,2024-11-10,Delivered
5965,963,2024-01-11,Delivered
5966,18,2024-07-19,Delivered
5967,1718,2024-03-10,Delivered
5968,1581,2024-08-24,Delivered
5969,2400,2025-06-26,Delivered
5970,537,2024-08-07,Pending
5971,2418,2025-03-22,Delivered
5972,31,2024-09-02,Delivered
5973,1720,2024-11-10,Delivered
5974,1193,2024-01-17,Delivered
5975,984,2025-01-10,Delivered
5976,1295,2024-05-15,Delivered
5977,646,2024-09-08,Delivered
5978,527,2025-06-23,Delivered
5979,2377,2024-05-01,Cancelled
5980,663,2025-05-21,Delivered
5981,2205,2025-03-28,Pending
5982,2136,2024-01-27,Cancelled
5983,92,2024-07-20,Delivered
5984,2602,2025-06-18,Delivered
5985,2333,2024-09-04,Delivered
5986,2353,2025-03-08,Cancelled
5987,2390,2025-05-16,Delivered
5988,1713,2024-01-02,Delivered
5989,2971,2025-02-03,Delivered
5990,514,2025-05-13,Delivered
5991,202,2024-11-11,Delivered
5992,2119,2025-06-08,Delivered
5993,860,2025-01-16,Delivered
5994,1791,2024-12-09,Delivered
5995,1172,2024-03-08,Delivered
5996,993,2025-03-06,Delivered
5997,2655,2025-04-12,Delivered
5998,385,2024-06-30,Delivered
5999,542,2024-03-27,Delivered
6000,1981,2024-11-08,Delivered
6001,2315,2025-05-27,Delivered
6002,2463,2025-02-03,Delivered
6003,673,2025-03-18,Delivered
6004,2606,2024-11-02,Delivered
6005,1798,2024-08-16,Delivered
6006,2448,2024-06-15,Delivered
6007,192,2025-03-16,Delivered
6008,1068,2024-12-20,Delivered
6009,1581,2025-02-12,Delivered
6010,1702,2025-04-02,Cancelled
6011,282,2025-06-18,Delivered
6012,1614,2025-04-01,Delivered
6013,1970,2024-08-31,Delivered
6014,1085,2024-03-13,Delivered
6015,1504,2024-11-01,Delivered
6016,858,2024-08-31,Delivered
6017,2579,2025-05-25,Delivered
6018,1756,2024-01-22,Delivered
6019,1641,2025-04-12,Delivered
6020,2819,2024-12-11,Delivered
6021,1968,2024-02-08,Delivered
6022,814,2024-05-12,Delivered
6023,1897,2024-02-03,Delivered
6024,2882,2025-05-22,Delivered
6025,54,2024-12-18,Delivered
6026,1848,2024-12-03,Delivered
6027,427,2024-10-10,Delivered
6028,2420,2024-08-06,Delivered
6029,1893,2024-04-03,Delivered
6030,2782,2025-02-03,Cancelled
6031,1990,2024-03-13,Delivered
6032,36,2024-04-23,Delivered
6033,1534,2025-06-17,Delivered
6034,2679,2024-02-19,Delivered
6035,678,2025-06-03,Cancelled
6036,242,2024-02-17,Delivered
6037,2161,2024-09-22,Delivered
6038,1510,2024-11-14,Delivered
6039,127,2024-03-03,Delivered
6040,815,2025-04-30,Delivered
6041,966,2025-06-06,Delivered
6042,1981,2024-05-01,Delivered
6043,1415,2024-05-01,Delivered
6044,1461,2025-02-18,Delivered
6045,2380,2024-07-21,Delivered
6046,808,2024-01-21,Delivered
6047,1997,2025-02-13,Delivered
6048,1104,2024-07-11,Delivered
6049,1263,2024-08-10,Delivered
6050,1658,2024-12-22,Delivered
6051,2090,2024-11-11,Delivered
6052,2823,2025-03-27,Delivered
6053,782,2025-03-11,Delivered
6054,293,2025-05-29,Cancelled
6055,1279,2025-05-16,Delivered
6056,1631,2024-12-11,Delivered
6057,664,2024-10-30,Delivered
6058,2641,2024-09-09,Delivered
6059,2363,2024-12-28,Delivered
6060,1489,2024-02-03,Delivered
6061,1339,2024-08-07,Delivered
6062,105,2024-05-30,Delivered
6063,1610,2024-10-30,Delivered
6064,1745,2025-05-19,Delivered
6065,2647,2024-09-19,Delivered
6066,1504,2024-11-14,Delivered
6067,428,2024-08-07,Delivered
6068,519,2024-07-06,Delivered
6069,439,2025-01-06,Delivered
6070,2788,2024-05-15,Delivered
6071,2348,2025-04-24,Delivered
6072,2450,2024-03-03,Delivered
6073,2493,2024-05-01,Delivered
6074,270,2025-02-14,Cancelled
6075,2114,2024-02-15,Delivered
6076,2119,2024-08-13,Delivered
6077,650,2024-07-25,Delivered
6078,1477,2025-05-26,Delivered
6079,1962,2024-03-27,Cancelled
6080,2667,2024-09-05,Delivered
6081,313,2024-09-07,Delivered
6082,2649,2025-03-22,Delivered
6083,2731,2024-10-22,Delivered
6084,2735,2024-03-12,Delivered
6085,7,2025-04-20,Delivered
6086,638,2024-03-23,Delivered
6087,2076,2025-01-14,Delivered
6088,953,2024-05-29,Pending
6089,175,2024-03-07,Delivered
6090,2246,2024-04-14,Cancelled
6091,71,2025-05-30,Delivered
6092,1332,2025-06-17,Cancelled
6093,2830,2024-11-23,Delivered
6094,1313,2025-03-17,Delivered
6095,2700,2025-05-07,Delivered
6096,1233,2024-07-09,Delivered
6097,1030,2025-02-17,Delivered
6098,300,2024-10-10,Cancelled
6099,1070,2024-04-04,Delivered
6100,1005,2024-10-18,Delivered
6101,2513,2024-01-26,Pending
6102,2719,2024-11-27,Cancelled
6103,48,2024-05-22,Delivered
6104,277,2024-02-26,Delivered
6105,1902,2025-01-20,Cancelled
6106,1457,2024-07-09,Delivered
6107,870,2024-09-01,Delivered
6108,754,2024-02-16,Delivered
6109,650,2024-02-13,Delivered
6110,1581,2025-05-16,Delivered
6111,36,2024-11-23,Pending
6112,2213,2024-08-08,Delivered
6113,881,2024-12-29,Delivered
6114,1277,2025-01-31,Delivered
6115,1583,2024-03-03,Delivered
6116,608,2025-05-17,Delivered
6117,2611,2024-12-23,Delivered
6118,2042,2024-06-17,Delivered
6119,2579,2024-05-26,Delivered
6120,1427,2024-02-17,Delivered
6121,1291,2024-05-20,Delivered
6122,689,2024-07-02,Delivered
6123,1627,2024-04-26,Delivered
6124,1738,2025-01-01,Pending
6125,1266,2024-05-17,Delivered
6126,395,2024-09-29,Delivered
6127,790,2024-11-01,Pending
6128,31,2024-02-10,Pending
6129,940,2024-04-02,Delivered
6130,1708,2024-02-08,Delivered
6131,2857,2025-01-12,Cancelled
6132,508,2025-01-16,Delivered
6133,152,2024-03-11,Delivered
6134,870,2025-02-06,Delivered
6135,427,2025-03-18,Delivered
6136,2090,2024-02-29,Delivered
6137,9,2024-03-04,Delivered
6138,2941,2025-03-09,Delivered
6139,2529,2024-06-17,Delivered
6140,1477,2024-07-07,Delivered
6141,2722,2024-11-17,Delivered
6142,1851,2024-02-07,Delivered
6143,2972,2024-08-27,Cancelled
6144,807,2024-07-01,Cancelled
6145,2985,2025-03-25,Delivered
6146,519,2025-02-02,Cancelled
6147,1054,2024-06-05,Delivered
6148,2774,2024-12-24,Delivered
6149,1106,2024-08-07,Cancelled
6150,603,2024-09-19,Cancelled
6151,168,2025-02-05,Delivered
6152,400,2024-06-01,Delivered
6153,1060,2024-11-11,Delivered
6154,1270,2024-08-16,Delivered
6155,1625,2024-12-20,Delivered
6156,2410,2024-07-27,Delivered
6157,31,2025-05-25,Delivered
6158,2496,2024-07-31,Delivered
6159,1702,2024-02-29,Delivered
6160,2229,2024-09-24,Pending
6161,2229,2024-05-10,Delivered
6162,2677,2024-09-05,Pending
6163,267,2025-05-17,Delivered
6164,1694,2024-02-25,Delivered
6165,2692,2024-01-24,Delivered
6166,2159,2024-06-07,Delivered
6167,271,2024-08-25,Delivered
6168,1801,2024-03-11,Delivered
6169,2369,2025-01-14,Delivered
6170,794,2024-11-24,Cancelled
6171,1857,2025-01-18,Delivered
6172,2493,2024-08-18,Delivered
6173,1579,2025-05-23,Delivered
6174,560,2025-01-01,Delivered
6175,1637,2025-05-17,Delivered
6176,1722,2024-02-17,Delivered
6177,1216,2024-12-30,Cancelled
6178,2030,2024-07-07,Delivered
6179,1295,2024-04-15,Delivered
6180,2598,2024-04-08,Delivered
6181,2341,2024-04-17,Delivered
6182,2377,2024-02-20,Delivered
6183,1581,2024-09-05,Delivered
6184,561,2025-02-26,Delivered
6185,2173,2024-09-10,Delivered
6186,192,2024-03-12,Cancelled
6187,1557,2025-01-21,Delivered
6188,144,2024-04-05,Delivered
6189,1589,2025-04-19,Delivered
6190,2059,2024-07-19,Cancelled
6191,1265,2024-01-01,Delivered
6192,1259,2024-06-08,Delivered
6193,336,2025-03-30,Delivered
6194,887,2025-05-17,Delivered
6195,1325,2024-08-18,Delivered
6196,2555,2025-06-23,Delivered
6197,2667,2024-05-06,Delivered
6198,2845,2024-08-18,Cancelled
6199,287,2024-09-07,Cancelled
6200,870,2024-04-19,Delivered
6201,1389,2024-07-28,Delivered
6202,1897,2024-09-28,Delivered
6203,2116,2025-01-16,Delivered
6204,2328,2024-09-27,Delivered
6205,1491,2024-02-26,Delivered
6206,1659,2024-09-11,Delivered
6207,2879,2025-04-08,Delivered
6208,703,2024-01-12,Delivered
6209,2375,2025-06-28,Delivered
6210,2138,2024-03-11,Delivered
6211,380,2024-01-05,Delivered
6212,2748,2024-03-17,Delivered
6213,2529,2024-05-16,Delivered
6214,2308,2024-07-11,Delivered
6215,345,2025-03-28,Cancelled
6216,380,2024-11-13,Delivered
6217,2048,2024-12-14,Cancelled
6218,299,2025-04-24,Cancelled
6219,313,2024-03-12,Delivered
6220,1207,2024-05-01,Cancelled
6221,7,2025-06-12,Delivered
6222,2165,2025-02-25,Delivered
6223,1616,2024-02-02,Delivered
6224,224,2024-05-03,Delivered
6225,1626,2024-07-22,Delivered
6226,148,2024-01-18,Delivered
6227,195,2024-11-14,Pending
6228,1459,2024-12-20,Delivered
6229,1503,2024-07-02,Cancelled
6230,1010,2024-04-27,Delivered
6231,1822,2024-08-20,Cancelled
6232,1159,2025-05-17,Delivered
6233,1719,2025-01-27,Pending
6234,1043,2025-05-24,Delivered
6235,2146,2024-10-28,Delivered
6236,1705,2024-02-27,Delivered
6237,440,2024-02-02,Delivered
6238,2060,2024-04-16,Delivered
6239,2320,2024-10-11,Delivered
6240,186,2024-04-24,Pending
6241,1798,2024-06-22,Delivered
6242,2336,2025-05-12,Cancelled
6243,314,2024-01-24,Delivered
6244,2675,2024-02-12,Delivered
6245,1252,2024-07-31,Delivered
6246,2208,2025-02-14,Pending
6247,2667,2025-03-25,Delivered
6248,2963,2024-06-06,Delivered
6249,1716,2024-06-07,Cancelled
6250,2119,2024-11-14,Delivered
6251,738,2025-04-17,Cancelled
6252,847,2024-04-06,Delivered
6253,2523,2025-05-02,Delivered
6254,1200,2025-03-16,Delivered
6255,2444,2024-05-26,Delivered
6256,137,2025-01-01,Delivered
6257,629,2024-12-09,Delivered
6258,474,2024-01-12,Delivered
6259,1583,2024-08-07,Delivered
6260,233,2024-05-09,Delivered
6261,1022,2024-02-07,Delivered
6262,2952,2024-09-11,Delivered
6263,2352,2025-01-18,Delivered
6264,2232,2024-10-17,Delivered
6265,374,2024-02-18,Delivered
6266,1097,2025-03-27,Delivered
6267,2036,2024-02-08,Cancelled
6268,48,2024-07-30,Delivered
6269,1295,2024-11-06,Delivered
6270,2749,2025-05-21,Delivered
6271,240,2025-02-15,Delivered
6272,2689,2024-04-15,Pending
6273,560,2024-08-21,Delivered
6274,543,2025-04-13,Delivered
6275,561,2024-05-15,Delivered
6276,2760,2025-05-08,Cancelled
6277,1778,2024-10-18,Delivered
6278,2229,2024-12-08,Cancelled
6279,1101,2024-12-27,Delivered
6280,2584,2025-06-12,Delivered
6281,1710,2025-01-10,Cancelled
6282,1761,2024-08-12,Delivered
6283,2229,2024-11-18,Cancelled
6284,2282,2025-01-16,Delivered
6285,2041,2024-11-22,Delivered
6286,330,2024-01-06,Cancelled
6287,2565,2025-05-07,Delivered
6288,758,2024-05-29,Delivered
6289,2982,2024-12-21,Delivered
6290,1149,2024-11-05,Delivered
6291,332,2024-03-06,Cancelled
6292,929,2025-04-23,Delivered
6293,1696,2024-02-15,Delivered
6294,1172,2025-06-04,Delivered
6295,2453,2025-05-18,Delivered
6296,2043,2024-11-12,Delivered
6297,612,2025-06-05,Delivered
6298,1614,2025-04-12,Delivered
6299,2330,2025-05-06,Cancelled
6300,2647,2025-03-12,Delivered
6301,1186,2025-05-22,Cancelled
6302,2738,2025-02-26,Delivered
6303,95,2025-04-25,Pending
6304,2019,2024-03-01,Delivered
6305,2313,2024-08-21,Delivered
6306,1273,2024-09-18,Delivered
6307,22,2025-05-11,Pending
6308,2062,2024-09-22,Pending
6309,1021,2024-08-28,Delivered
6310,410,2025-03-05,Delivered
6311,428,2024-12-20,Cancelled
6312,2267,2024-11-16,Delivered
6313,538,2025-05-13,Delivered
6314,1454,2025-03-23,Delivered
6315,2913,2025-01-23,Delivered
6316,2229,2025-06-06,Delivered
6317,1634,2024-01-27,Delivered
6318,1588,2024-10-29,Delivered
6319,465,2024-01-17,Delivered
6320,1333,2025-03-08,Delivered
6321,395,2024-03-10,Delivered
6322,244,2024-11-02,Delivered
6323,308,2025-03-03,Delivered
6324,1783,2024-12-07,Delivered
6325,559,2024-02-02,Cancelled
6326,400,2024-09-16,Delivered
6327,2565,2025-03-01,Delivered
6328,333,2025-06-07,Delivered
6329,2119,2025-05-05,Delivered
6330,1259,2025-03-22,Delivered
6331,1703,2024-06-16,Delivered
6332,54,2025-02-14,Delivered
6333,1,2024-04-01,Delivered
6334,2422,2024-06-28,Delivered
6335,1427,2024-06-03,Delivered
6336,200,2024-09-22,Cancelled
6337,1022,2025-04-22,Delivered
6338,1522,2025-04-16,Delivered
6339,376,2025-05-02,Pending
6340,1631,2025-05-26,Delivered
6341,1590,2024-01-16,Delivered
6342,1775,2025-06-28,Delivered
6343,2394,2025-04-24,Cancelled
6344,1247,2025-02-04,Delivered
6345,2632,2024-02-13,Delivered
6346,1427,2025-02-03,Delivered
6347,1367,2025-01-03,Delivered
6348,1939,2024-02-21,Delivered
6349,1805,2024-04-20,Delivered
6350,24,2025-02-14,Cancelled
6351,2943,2024-04-01,Delivered
6352,2812,2024-07-08,Delivered
6353,822,2024-11-28,Delivered
6354,1663,2025-04-17,Delivered
6355,2274,2024-06-04,Delivered
6356,2719,2024-01-07,Delivered
6357,1716,2025-04-09,Delivered
6358,36,2025-05-25,Delivered
6359,2036,2025-04-11,Delivered
6360,265,2024-09-21,Delivered
6361,1993,2025-01-28,Delivered
6362,1720,2024-03-10,Delivered
6363,1893,2024-12-13,Delivered
6364,543,2024-11-24,Delivered
6365,1489,2024-12-12,Delivered
6366,1808,2025-01-12,Delivered
6367,880,2025-04-30,Delivered
6368,520,2025-03-01,Pending
6369,644,2024-01-21,Delivered
6370,2538,2025-01-18,Delivered
6371,1394,2025-02-02,Delivered
6372,1959,2024-10-29,Delivered
6373,1552,2024-12-06,Cancelled
6374,2468,2024-02-14,Delivered
6375,1533,2024-05-22,Cancelled
6376,265,2025-04-16,Delivered
6377,567,2024-01-02,Delivered
6378,31,2025-06-20,Delivered
6379,2459,2024-05-01,Delivered
6380,1963,2025-02-28,Delivered
6381,2230,2024-04-30,Delivered
6382,2146,2024-01-19,Delivered
6383,2450,2024-11-26,Delivered
6384,2953,2025-02-16,Delivered
6385,1930,2024-05-27,Pending
6386,738,2024-06-15,Pending
6387,290,2025-06-09,Delivered
6388,1728,2024-06-18,Delivered
6389,2275,2024-02-04,Delivered
6390,1669,2025-06-21,Cancelled
6391,892,2024-02-20,Delivered
6392,2160,2024-09-23,Pending
6393,1336,2024-04-09,Delivered
6394,835,2024-05-17,Delivered
6395,2496,2025-02-15,Delivered
6396,1702,2024-03-15,Delivered
6397,831,2024-12-21,Delivered
6398,973,2024-11-05,Cancelled
6399,1694,2025-02-01,Delivered
6400,1273,2024-03-28,Pending
6401,444,2024-07-12,Delivered
6402,1798,2024-01-02,Cancelled
6403,2069,2025-04-25,Cancelled
6404,1,2025-06-24,Delivered
6405,1609,2024-08-31,Delivered
6406,1702,2024-10-16,Delivered
6407,988,2024-03-14,Delivered
6408,1009,2025-04-23,Delivered
6409,933,2025-02-23,Delivered
6410,1330,2024-03-03,Delivered
6411,2400,2024-10-16,Delivered
6412,1409,2024-04-03,Cancelled
6413,2972,2024-11-20,Delivered
6414,1125,2024-12-24,Delivered
6415,2101,2024-07-29,Delivered
6416,1637,2024-08-29,Delivered
6417,2240,2025-01-23,Delivered
6418,2630,2024-03-26,Delivered
6419,1539,2024-01-20,Delivered
6420,1490,2024-08-15,Delivered
6421,2812,2024-09-25,Delivered
6422,2766,2024-06-05,Delivered
6423,2985,2024-08-21,Delivered
6424,426,2024-02-25,Delivered
6425,2,2025-02-11,Delivered
6426,1304,2025-02-22,Delivered
6427,2191,2024-05-25,Delivered
6428,207,2024-12-21,Delivered
6429,1117,2024-05-07,Delivered
6430,1709,2024-08-03,Cancelled
6431,610,2024-06-23,Delivered
6432,2185,2025-06-14,Delivered
6433,670,2024-09-19,Cancelled
6434,2495,2024-12-11,Delivered
6435,1036,2024-04-24,Delivered
6436,1754,2025-05-21,Delivered
6437,1626,2025-01-08,Cancelled
6438,870,2024-02-27,Delivered
6439,1308,2024-06-30,Delivered
6440,2512,2024-10-03,Delivered
6441,1636,2024-08-18,Delivered
6442,152,2025-03-13,Delivered
6443,2141,2024-10-31,Delivered
6444,523,2024-10-31,Delivered
6445,1461,2024-07-24,Delivered
6446,1408,2025-04-05,Delivered
6447,1461,2025-01-17,Delivered
6448,84,2025-01-20,Delivered
6449,787,2024-12-24,Delivered
6450,137,2024-12-29,Delivered
6451,1253,2025-02-17,Pending
6452,1819,2024-05-07,Delivered
6453,1934,2024-10-12,Delivered
6454,182,2024-03-12,Delivered
6455,330,2024-07-19,Delivered
6456,1959,2024-06-08,Delivered
6457,1595,2024-04-19,Delivered
6458,2466,2024-10-25,Delivered
6459,595,2024-08-26,Pending
6460,333,2024-09-04,Delivered
6461,1088,2025-04-21,Cancelled
6462,1874,2024-07-16,Delivered
6463,1461,2024-03-07,Delivered
6464,279,2025-03-07,Delivered
6465,200,2024-04-27,Delivered
6466,2022,2025-06-15,Delivered
6467,871,2024-12-29,Delivered
6468,1989,2024-05-19,Delivered
6469,863,2024-11-09,Delivered
6470,925,2025-05-24,Delivered
6471,602,2025-05-15,Delivered
6472,2945,2024-08-04,Delivered
6473,31,2024-01-16,Delivered
6474,347,2024-02-13,Delivered
6475,2478,2025-04-24,Pending
6476,376,2024-12-26,Delivered
6477,821,2025-01-31,Delivered
6478,759,2025-01-28,Delivered
6479,2094,2025-02-27,Delivered
6480,1242,2024-10-04,Delivered
6481,2494,2024-07-25,Delivered
6482,2229,2024-05-08,Delivered
6483,1595,2024-06-16,Delivered
6484,726,2025-02-13,Delivered
6485,2343,2024-01-08,Cancelled
6486,2565,2024-03-20,Cancelled
6487,2478,2025-03-05,Delivered
6488,143,2024-12-20,Delivered
6489,2097,2024-03-29,Delivered
6490,2119,2024-01-20,Delivered
6491,2815,2024-05-03,Delivered
6492,763,2024-03-05,Delivered
6493,2328,2024-05-31,Delivered
6494,2069,2025-03-30,Delivered
6495,2598,2025-04-19,Delivered
6496,2083,2024-06-05,Delivered
6497,2524,2024-06-06,Delivered
6498,1080,2025-03-27,Delivered
6499,429,2024-08-20,Delivered
6500,1092,2024-04-26,Delivered
6501,2417,2025-02-12,Cancelled
6502,367,2024-09-24,Delivered
6503,1881,2025-05-02,Delivered
6504,2957,2025-04-23,Delivered
6505,2663,2025-03-07,Delivered
6506,1993,2025-06-14,Delivered
6507,2343,2024-10-19,Delivered
6508,320,2024-10-25,Delivered
6509,1500,2024-01-02,Delivered
6510,1597,2024-04-01,Delivered
6511,2315,2024-03-27,Delivered
6512,828,2025-05-18,Cancelled
6513,298,2024-05-18,Delivered
6514,2097,2024-12-05,Delivered
6515,1482,2024-08-13,Pending
6516,2501,2025-02-21,Delivered
6517,1453,2024-07-16,Delivered
6518,2512,2025-05-27,Delivered
6519,1529,2024-10-07,Delivered
6520,2315,2024-05-13,Delivered
6521,2164,2024-08-12,Delivered
6522,770,2024-07-18,Delivered
6523,909,2025-01-31,Pending
6524,2667,2024-06-25,Delivered
6525,673,2024-01-29,Delivered
6526,2094,2025-03-04,Delivered
6527,395,2025-06-27,Delivered
6528,2229,2024-05-16,Cancelled
6529,646,2025-04-05,Delivered
6530,1739,2024-01-22,Delivered
6531,1673,2024-07-01,Delivered
6532,591,2024-01-07,Delivered
6533,1479,2024-08-04,Delivered
6534,2598,2024-11-28,Delivered
6535,2035,2025-06-10,Delivered
6536,2969,2025-04-04,Delivered
6537,2325,2025-05-25,Delivered
6538,1903,2024-12-22,Delivered
6539,1672,2024-08-02,Delivered
6540,2783,2025-05-09,Delivered
6541,1583,2024-02-02,Delivered
6542,1216,2025-03-21,Pending
6543,2469,2025-06-23,Delivered
6544,2798,2024-01-13,Pending
6545,1439,2024-12-22,Delivered
6546,376,2025-04-23,Delivered
6547,1792,2025-01-13,Delivered
6548,2213,2025-06-16,Cancelled
6549,1117,2024-05-29,Delivered
6550,2229,2024-12-14,Delivered
6551,1595,2025-03-23,Delivered
6552,884,2024-02-07,Delivered
6553,1852,2024-10-31,Delivered
6554,1162,2025-06-08,Pending
6555,2330,2024-09-13,Delivered
6556,2,2025-03-21,Delivered
6557,2427,2025-02-08,Delivered
6558,897,2024-05-27,Delivered
6559,2876,2024-07-22,Delivered
6560,2230,2024-09-24,Delivered
6561,709,2024-08-22,Delivered
6562,2934,2024-11-21,Cancelled
6563,1503,2024-12-22,Delivered
6564,1577,2024-08-13,Delivered
6565,2693,2024-12-15,Delivered
6566,2715,2024-12-25,Delivered
6567,2093,2025-06-14,Delivered
6568,2933,2025-03-21,Delivered
6569,974,2024-11-03,Delivered
6570,679,2024-04-06,Cancelled
6571,74,2024-06-24,Delivered
6572,1029,2024-06-29,Delivered
6573,1775,2024-06-05,Delivered
6574,897,2025-05-31,Delivered
6575,1707,2024-10-18,Pending
6576,130,2025-06-24,Delivered
6577,1059,2024-03-06,Delivered
6578,2229,2025-01-24,Pending
6579,294,2024-11-17,Delivered
6580,2146,2025-02-20,Delivered
6581,2248,2024-08-01,Delivered
6582,1684,2024-10-10,Delivered
6583,2620,2024-07-11,Pending
6584,2847,2025-01-15,Pending
6585,93,2024-04-15,Pending
6586,2028,2024-12-26,Delivered
6587,689,2024-09-27,Delivered
6588,1232,2025-03-11,Delivered
6589,1829,2024-01-21,Delivered
6590,2138,2024-04-09,Delivered
6591,2492,2024-11-27,Delivered
6592,2119,2024-07-23,Delivered
6593,2303,2024-06-04,Delivered
6594,1756,2025-05-24,Delivered
6595,323,2025-05-09,Delivered
6596,47,2024-02-20,Pending
6597,1592,2024-10-14,Delivered
6598,2147,2024-12-30,Delivered
6599,307,2025-03-02,Cancelled
6600,1281,2024-04-20,Delivered
6601,741,2025-04-09,Delivered
6602,1676,2024-12-23,Pending
6603,1170,2025-04-24,Delivered
6604,580,2025-01-06,Delivered
6605,6,2025-04-20,Delivered
6606,951,2024-01-17,Delivered
6607,1554,2024-05-03,Delivered
6608,2750,2024-10-17,Delivered
6609,661,2024-06-14,Delivered
6610,1541,2024-04-18,Delivered
6611,1675,2025-01-21,Cancelled
6612,1919,2025-06-26,Delivered
6613,973,2024-10-20,Delivered
6614,283,2024-11-28,Delivered
6615,2725,2024-11-28,Delivered
6616,2842,2024-08-15,Delivered
6617,1308,2025-01-05,Delivered
6618,1708,2025-03-16,Delivered
6619,74,2024-03-03,Delivered
6620,125,2024-05-30,Cancelled
6621,219,2024-04-01,Delivered
6622,2211,2025-03-08,Delivered
6623,661,2024-12-14,Delivered
6624,531,2025-01-01,Delivered
6625,18,2024-12-07,Delivered
6626,52,2024-10-17,Delivered
6627,1223,2025-03-22,Delivered
6628,1621,2024-03-26,Delivered
6629,1703,2025-01-13,Delivered
6630,1373,2025-03-31,Cancelled
6631,1373,2024-04-23,Delivered
6632,2229,2025-01-22,Delivered
6633,844,2024-02-08,Delivered
6634,691,2024-03-30,Delivered
6635,2529,2024-08-01,Delivered
6636,2070,2025-06-29,Delivered
6637,1433,2024-07-21,Delivered
6638,795,2024-08-22,Delivered
6639,376,2025-02-23,Delivered
6640,99,2025-03-11,Delivered
6641,2524,2025-01-01,Delivered
6642,1739,2024-01-17,Delivered
6643,118,2025-04-21,Delivered
6644,434,2024-05-22,Delivered
6645,814,2024-10-02,Delivered
6646,761,2025-02-03,Delivered
6647,1636,2024-06-06,Delivered
6648,1204,2025-01-09,Delivered
6649,2606,2024-10-02,Delivered
6650,2159,2024-03-26,Delivered
6651,2696,2024-04-27,Delivered
6652,2549,2025-02-20,Delivered
6653,2725,2024-02-03,Delivered
6654,2940,2024-07-27,Delivered
6655,916,2024-09-29,Delivered
6656,602,2024-07-28,Delivered
6657,465,2024-08-13,Delivered
6658,1851,2025-06-14,Cancelled
6659,2037,2024-01-18,Delivered
6660,253,2025-06-19,Delivered
6661,2437,2025-01-28,Delivered
6662,2317,2025-05-16,Delivered
6663,1852,2024-12-17,Delivered
6664,1297,2025-05-30,Delivered
6665,417,2024-02-10,Delivered
6666,1521,2025-01-27,Cancelled
6667,436,2025-01-22,Delivered
6668,1779,2025-05-23,Delivered
6669,913,2024-02-15,Delivered
6670,722,2024-10-04,Cancelled
6671,1317,2024-10-09,Delivered
6672,1708,2024-02-21,Delivered
6673,1104,2024-12-05,Delivered
6674,2890,2024-09-19,Delivered
6675,9,2024-09-29,Delivered
6676,2704,2025-01-07,Pending
6677,2,2025-02-12,Delivered
6678,626,2024-12-27,Delivered
6679,2982,2024-07-29,Delivered
6680,2180,2025-06-10,Delivered
6681,1905,2024-04-26,Delivered
6682,2176,2024-07-04,Delivered
6683,1232,2024-09-22,Delivered
6684,2321,2024-06-19,Cancelled
6685,424,2024-07-05,Delivered
6686,2350,2025-05-21,Delivered
6687,2795,2024-03-23,Pending
6688,2536,2024-10-06,Delivered
6689,2213,2024-09-14,Delivered
6690,1927,2024-02-17,Delivered
6691,1567,2024-04-19,Delivered
6692,1186,2024-05-28,Pending
6693,2565,2024-09-13,Delivered
6694,1916,2024-08-15,Cancelled
6695,1297,2024-11-19,Delivered
6696,2327,2025-03-03,Delivered
6697,149,2024-07-19,Delivered
6698,2407,2025-04-10,Delivered
6699,2396,2025-06-29,Delivered
6700,664,2024-12-30,Cancelled
6701,99,2024-02-25,Delivered
6702,2144,2025-05-02,Delivered
6703,573,2025-03-21,Delivered
6704,2981,2024-10-31,Delivered
6705,18,2024-07-04,Delivered
6706,671,2025-01-22,Delivered
6707,112,2024-12-02,Delivered
6708,2315,2025-02-24,Delivered
6709,1702,2024-12-18,Delivered
6710,2515,2025-03-26,Delivered
6711,2885,2025-06-12,Delivered
6712,1798,2025-02-14,Delivered
6713,673,2024-06-22,Delivered
6714,264,2025-05-07,Delivered
6715,2565,2025-03-27,Delivered
6716,716,2024-09-15,Delivered
6717,2656,2024-02-02,Delivered
6718,2598,2025-06-04,Delivered
6719,1851,2024-10-22,Delivered
6720,1778,2024-08-06,Delivered
6721,2834,2024-11-27,Delivered
6722,2229,2024-02-08,Delivered
6723,2048,2025-03-26,Delivered
6724,1297,2024-04-09,Delivered
6725,1454,2024-05-20,Delivered
6726,1162,2024-10-31,Delivered
6727,2825,2024-12-28,Pending
6728,1882,2024-01-08,Delivered
6729,2312,2024-11-13,Delivered
6730,99,2024-03-26,Delivered
6731,2524,2025-06-04,Delivered
6732,1262,2024-07-23,Pending
6733,2206,2024-09-24,Delivered
6734,105,2024-12-06,Delivered
6735,2660,2024-03-26,Delivered
6736,1955,2024-03-31,Delivered
6737,1372,2025-06-07,Delivered
6738,892,2024-11-09,Delivered
6739,915,2024-05-03,Delivered
6740,892,2024-12-28,Delivered
6741,363,2025-05-02,Delivered
6742,1394,2025-02-20,Cancelled
6743,1353,2024-08-06,Delivered
6744,1245,2024-12-26,Delivered
6745,2118,2025-05-04,Delivered
6746,1266,2024-05-16,Delivered
6747,254,2025-03-07,Pending
6748,2523,2025-06-28,Delivered
6749,1273,2024-07-07,Pending
6750,1938,2025-04-29,Delivered
6751,2753,2024-01-13,Delivered
6752,2261,2024-07-22,Delivered
6753,1614,2024-05-30,Pending
6754,1628,2024-01-16,Cancelled
6755,2519,2024-11-25,Delivered
6756,2450,2024-10-15,Delivered
6757,512,2024-07-26,Delivered
6758,1848,2025-04-17,Delivered
6759,2565,2024-05-15,Delivered
6760,2375,2025-03-24,Pending
6761,339,2024-12-13,Cancelled
6762,1297,2025-05-05,Delivered
6763,1559,2024-01-04,Delivered
6764,750,2025-06-13,Delivered
6765,2029,2024-01-02,Cancelled
6766,1430,2025-01-24,Delivered
6767,872,2025-02-14,Cancelled
6768,1005,2024-03-29,Delivered
6769,2532,2024-01-20,Delivered
6770,2565,2024-01-20,Delivered
6771,2401,2024-03-11,Delivered
6772,2709,2024-03-23,Delivered
6773,2842,2025-06-12,Delivered
6774,1482,2024-04-19,Delivered
6775,271,2025-03-15,Delivered
6776,2369,2024-02-03,Delivered
6777,1861,2024-12-23,Cancelled
6778,1138,2024-09-04,Delivered
6779,2925,2024-10-22,Delivered
6780,1009,2025-03-03,Delivered
6781,2692,2024-04-24,Delivered
6782,1738,2024-01-03,Delivered
6783,97,2024-04-30,Delivered
6784,2542,2025-03-14,Delivered
6785,2240,2024-11-18,Pending
6786,1899,2025-05-20,Delivered
6787,1801,2025-03-31,Pending
6788,633,2024-03-23,Delivered
6789,621,2024-02-01,Cancelled
6790,74,2024-01-12,Delivered
6791,420,2024-04-13,Delivered
6792,1005,2024-09-18,Delivered
6793,1616,2024-01-09,Delivered
6794,362,2025-04-19,Delivered
6795,1661,2024-09-18,Delivered
6796,763,2025-02-06,Delivered
6797,738,2025-04-21,Cancelled
6798,2830,2024-01-19,Cancelled
6799,2969,2024-08-24,Delivered
6800,2399,2025-01-02,Delivered
6801,149,2025-06-28,Delivered
6802,2181,2025-03-22,Pending
6803,512,2024-04-28,Delivered
6804,1686,2024-05-27,Delivered
6805,2658,2025-03-12,Cancelled
6806,1137,2024-12-22,Delivered
6807,2750,2024-05-16,Delivered
6808,2128,2024-09-26,Delivered
6809,884,2025-05-22,Delivered
6810,269,2024-04-22,Delivered
6811,2418,2024-06-29,Delivered
6812,1373,2025-05-07,Delivered
6813,205,2025-01-02,Cancelled
6814,292,2024-05-01,Delivered
6815,2899,2024-06-05,Cancelled
6816,709,2025-04-03,Delivered
6817,2898,2024-06-02,Delivered
6818,2039,2025-01-18,Pending
6819,882,2024-09-27,Delivered
6820,1146,2024-04-30,Delivered
6821,2303,2024-07-20,Delivered
6822,1297,2025-01-23,Delivered
6823,215,2025-03-13,Delivered
6824,671,2024-01-15,Cancelled
6825,2542,2025-05-09,Delivered
6826,2090,2024-05-09,Delivered
6827,1504,2024-12-20,Delivered
6828,717,2024-06-04,Pending
6829,1427,2024-05-26,Delivered
6830,2333,2025-04-30,Delivered
6831,236,2025-01-17,Delivered
6832,2976,2025-05-14,Delivered
6833,2542,2024-01-12,Delivered
6834,935,2024-05-27,Delivered
6835,2579,2024-01-27,Delivered
6836,2041,2024-09-16,Delivered
6837,1974,2024-09-09,Delivered
6838,380,2025-06-19,Delivered
6839,2688,2024-05-06,Delivered
6840,1342,2024-12-29,Delivered
6841,2375,2025-06-26,Delivered
6842,878,2024-02-08,Cancelled
6843,904,2024-08-31,Delivered
6844,2893,2024-08-01,Delivered
6845,1491,2024-01-15,Delivered
6846,172,2024-08-18,Delivered
6847,2474,2024-05-18,Delivered
6848,661,2024-06-16,Delivered
6849,2598,2024-04-26,Delivered
6850,2714,2024-10-10,Delivered
6851,205,2024-08-05,Delivered
6852,1712,2025-02-05,Delivered
6853,2941,2024-07-11,Pending
6854,2758,2025-01-12,Cancelled
6855,1581,2024-10-14,Delivered
6856,2035,2024-07-10,Delivered
6857,1778,2025-03-25,Delivered
6858,589,2025-02-06,Pending
6859,1930,2024-10-14,Delivered
6860,989,2024-10-18,Delivered
6861,1008,2025-02-21,Pending
6862,1266,2025-02-24,Delivered
6863,2523,2025-01-23,Cancelled
6864,694,2024-03-03,Delivered
6865,735,2024-05-05,Delivered
6866,14,2024-08-08,Delivered
6867,424,2024-11-10,Cancelled
6868,2934,2024-08-03,Delivered
6869,1295,2025-03-28,Delivered
6870,561,2024-07-11,Delivered
6871,2898,2024-10-24,Delivered
6872,65,2025-01-16,Delivered
6873,1454,2024-07-25,Delivered
6874,2377,2024-10-31,Delivered
6875,2281,2025-01-31,Delivered
6876,543,2024-07-29,Delivered
6877,2124,2025-06-14,Delivered
6878,1824,2024-10-19,Delivered
6879,2017,2025-03-05,Delivered
6880,771,2025-01-19,Delivered
6881,2396,2025-03-20,Delivered
6882,1664,2025-01-03,Delivered
6883,2175,2024-10-21,Cancelled
6884,2795,2025-02-19,Cancelled
6885,2529,2024-09-11,Delivered
6886,2313,2025-04-09,Delivered
6887,844,2024-09-30,Delivered
6888,148,2025-02-07,Delivered
6889,1702,2024-04-22,Delivered
6890,93,2024-04-08,Cancelled
6891,2146,2024-11-04,Delivered
6892,2205,2025-04-07,Delivered
6893,1672,2025-02-04,Delivered
6894,465,2024-06-30,Delivered
6895,2592,2025-04-12,Delivered
6896,1745,2024-12-29,Delivered
6897,1552,2024-10-30,Pending
6898,1679,2025-06-25,Pending
6899,242,2025-03-01,Pending
6900,2213,2024-06-09,Delivered
6901,175,2024-02-05,Delivered
6902,1702,2024-05-27,Delivered
6903,471,2024-04-06,Pending
6904,597,2024-04-09,Delivered
6905,681,2024-10-12,Delivered
6906,31,2025-06-21,Delivered
6907,2649,2024-12-20,Delivered
6908,2376,2024-08-21,Delivered
6909,84,2024-05-15,Delivered
6910,158,2025-03-03,Delivered
6911,2316,2024-10-26,Delivered
6912,11,2024-01-27,Cancelled
6913,1409,2024-09-11,Cancelled
6914,300,2024-04-08,Delivered
6915,1737,2024-09-28,Delivered
6916,2993,2024-02-04,Delivered
6917,485,2024-04-26,Delivered
6918,2861,2025-03-21,Delivered
6919,2565,2024-04-02,Cancelled
6920,2950,2024-02-28,Delivered
6921,2256,2024-04-30,Delivered
6922,2533,2025-05-19,Delivered
6923,1740,2025-06-01,Delivered
6924,2565,2024-12-28,Delivered
6925,313,2025-03-02,Delivered
6926,2215,2025-05-11,Delivered
6927,1852,2024-06-10,Delivered
6928,170,2024-08-11,Delivered
6929,852,2024-01-16,Cancelled
6930,625,2024-10-14,Delivered
6931,1223,2025-05-20,Delivered
6932,567,2024-01-16,Delivered
6933,794,2025-01-23,Delivered
6934,869,2024-09-11,Pending
6935,1761,2025-06-10,Delivered
6936,373,2024-11-18,Pending
6937,709,2024-08-09,Delivered
6938,932,2024-02-24,Delivered
6939,1339,2024-11-02,Delivered
6940,100,2025-06-19,Cancelled
6941,2997,2024-01-08,Delivered
6942,881,2024-01-03,Delivered
6943,836,2025-05-01,Pending
6944,1654,2024-05-26,Delivered
6945,2528,2024-11-27,Delivered
6946,1365,2024-12-02,Delivered
6947,726,2024-09-19,Delivered
6948,1673,2024-09-28,Cancelled
6949,1454,2025-01-10,Delivered
6950,1273,2024-05-10,Delivered
6951,2945,2024-04-08,Delivered
6952,2980,2025-06-22,Delivered
6953,1669,2024-01-05,Cancelled
6954,192,2024-04-13,Delivered
6955,1675,2025-02-02,Delivered
6956,2842,2024-11-06,Delivered
6957,2744,2024-06-24,Delivered
6958,624,2024-03-04,Delivered
6959,547,2024-07-19,Delivered
6960,411,2024-01-31,Delivered
6961,2434,2024-10-29,Delivered
6962,1471,2024-09-23,Delivered
6963,1008,2025-05-17,Delivered
6964,962,2025-03-15,Delivered
6965,795,2024-09-13,Delivered
6966,2607,2024-10-17,Delivered
6967,1238,2025-01-11,Delivered
6968,712,2024-06-09,Delivered
6969,2134,2024-11-24,Pending
6970,1865,2024-01-10,Cancelled
6971,2146,2025-05-27,Delivered
6972,2442,2025-05-28,Delivered
6973,290,2025-04-30,Delivered
6974,2,2024-04-25,Delivered
6975,137,2025-03-06,Delivered
6976,2120,2024-11-09,Delivered
6977,2769,2025-06-20,Delivered
6978,982,2024-01-09,Cancelled
6979,2312,2024-08-04,Cancelled
6980,2182,2024-02-23,Delivered
6981,2932,2025-05-31,Delivered
6982,1413,2024-04-02,Delivered
6983,465,2024-01-22,Delivered
6984,2252,2024-03-02,Delivered
6985,2427,2025-06-10,Delivered
6986,2122,2024-10-16,Delivered
6987,2553,2024-02-28,Delivered
6988,1108,2024-08-04,Cancelled
6989,2073,2024-08-20,Delivered
6990,767,2025-03-13,Delivered
6991,1333,2024-04-29,Pending
6992,709,2024-03-04,Delivered
6993,422,2025-02-13,Delivered
6994,95,2024-08-23,Delivered
6995,1993,2024-03-08,Delivered
6996,2591,2024-08-21,Delivered
6997,924,2024-08-20,Delivered
6998,1280,2024-05-06,Delivered
6999,2,2024-04-19,Delivered
7000,1247,2024-02-22,Delivered
7001,822,2025-04-03,Delivered
7002,1699,2024-01-06,Delivered
7003,2692,2024-10-04,Delivered
7004,1522,2024-01-11,Delivered
7005,2017,2025-03-15,Pending
7006,2119,2024-08-05,Delivered
7007,411,2025-06-19,Delivered
7008,1029,2024-01-30,Cancelled
7009,313,2024-06-30,Delivered
7010,1316,2024-08-03,Delivered
7011,2623,2024-02-07,Delivered
7012,1451,2024-08-26,Delivered
7013,1361,2024-09-07,Delivered
7014,601,2024-08-31,Delivered
7015,913,2024-10-18,Delivered
7016,2780,2024-04-14,Delivered
7017,892,2024-05-10,Delivered
7018,2186,2024-09-29,Delivered
7019,112,2024-12-17,Delivered
7020,353,2024-08-02,Delivered
7021,915,2024-09-06,Cancelled
7022,2673,2025-06-24,Delivered
7023,635,2024-12-18,Delivered
7024,2179,2024-01-25,Delivered
7025,465,2024-07-15,Pending
7026,1801,2024-01-30,Delivered
7027,1719,2025-04-22,Delivered
7028,1822,2025-03-26,Delivered
7029,833,2024-09-11,Delivered
7030,453,2024-05-25,Delivered
7031,2621,2025-01-27,Delivered
7032,1687,2024-04-10,Delivered
7033,610,2025-02-24,Delivered
7034,1247,2025-04-22,Delivered
7035,191,2024-04-08,Delivered
7036,1427,2024-10-17,Delivered
7037,1273,2024-03-25,Delivered
7038,369,2024-12-02,Cancelled
7039,1325,2025-01-03,Cancelled
7040,1891,2024-01-05,Delivered
7041,2749,2025-05-30,Cancelled
7042,2118,2024-05-22,Delivered
7043,1508,2024-09-10,Delivered
7044,2274,2024-05-21,Delivered
7045,816,2025-05-09,Delivered
7046,1986,2025-02-19,Delivered
7047,7,2025-06-24,Delivered
7048,203,2024-07-29,Delivered
7049,1834,2024-11-03,Delivered
7050,559,2024-11-11,Delivered
7051,2068,2024-05-05,Delivered
7052,1871,2025-05-23,Delivered
7053,178,2025-04-16,Delivered
7054,1175,2025-06-21,Cancelled
7055,1801,2024-09-06,Cancelled
7056,2142,2024-03-10,Delivered
7057,2419,2024-03-27,Delivered
7058,982,2024-10-30,Delivered
7059,2481,2025-03-22,Delivered
7060,1059,2025-01-16,Cancelled
7061,13,2025-02-03,Delivered
7062,1798,2025-03-03,Delivered
7063,709,2025-04-05,Delivered
7064,339,2025-05-17,Pending
7065,750,2024-07-17,Delivered
7066,2453,2025-02-01,Pending
7067,2709,2024-06-01,Delivered
7068,2882,2025-01-11,Delivered
7069,892,2024-01-31,Delivered
7070,1361,2024-01-30,Delivered
7071,2375,2024-04-19,Delivered
7072,934,2024-10-24,Delivered
7073,1148,2025-05-12,Delivered
7074,689,2024-11-22,Delivered
7075,1695,2024-11-02,Delivered
7076,1951,2025-01-15,Cancelled
7077,936,2025-04-28,Delivered
7078,54,2024-11-14,Cancelled
7079,2200,2025-02-06,Delivered
7080,1801,2024-08-11,Delivered
7081,633,2025-06-27,Delivered
7082,925,2024-09-23,Delivered
7083,2863,2025-05-02,Delivered
7084,1856,2025-06-12,Cancelled
7085,1744,2025-04-26,Delivered
7086,1891,2024-06-28,Delivered
7087,2846,2024-07-22,Delivered
7088,1014,2025-03-04,Cancelled
7089,822,2025-05-22,Delivered
7090,1125,2024-11-27,Delivered
7091,2373,2025-02-28,Delivered
7092,333,2024-08-30,Cancelled
7093,597,2025-04-12,Delivered
7094,664,2024-08-14,Delivered
7095,1868,2024-12-05,Delivered
7096,1895,2024-10-20,Delivered
7097,1111,2025-04-01,Delivered
7098,797,2025-03-12,Delivered
7099,2229,2025-04-03,Cancelled
7100,85,2024-03-07,Cancelled
7101,2211,2024-05-14,Delivered
7102,603,2025-05-12,Cancelled
7103,2677,2024-03-12,Delivered
7104,1248,2025-02-26,Delivered
7105,1899,2024-12-12,Delivered
7106,333,2024-07-09,Pending
7107,738,2024-01-21,Delivered
7108,2111,2024-01-06,Delivered
7109,1637,2025-05-02,Delivered
7110,2274,2024-02-27,Delivered
7111,1673,2025-02-10,Delivered
7112,1687,2024-03-19,Delivered
7113,2538,2024-08-04,Delivered
7114,1273,2024-02-26,Delivered
7115,2663,2024-12-13,Delivered
7116,1112,2024-02-26,Delivered
7117,973,2024-12-07,Cancelled
7118,2308,2025-06-08,Delivered
7119,24,2025-02-09,Delivered
7120,485,2024-12-25,Delivered
7121,202,2025-05-09,Delivered
7122,1541,2025-03-24,Delivered
7123,1851,2025-02-04,Delivered
7124,20,2024-11-03,Delivered
7125,447,2024-07-31,Delivered
7126,891,2024-12-04,Delivered
7127,860,2024-02-28,Delivered
7128,272,2025-04-26,Delivered
7129,486,2025-04-28,Delivered
7130,2513,2024-05-23,Cancelled
7131,2111,2025-02-17,Delivered
7132,870,2025-01-14,Delivered
7133,763,2025-04-11,Delivered
7134,232,2025-05-06,Delivered
7135,1038,2025-02-10,Cancelled
7136,1198,2025-05-26,Delivered
7137,2682,2024-06-26,Pending
7138,2221,2024-08-30,Delivered
7139,1439,2024-03-22,Cancelled
7140,373,2025-04-12,Delivered
7141,1940,2024-05-31,Delivered
7142,2777,2024-10-02,Delivered
7143,224,2024-03-29,Delivered
7144,2515,2024-05-20,Cancelled
7145,519,2025-01-03,Delivered
7146,2111,2024-05-17,Delivered
7147,527,2024-10-08,Delivered
7148,1761,2024-09-03,Pending
7149,690,2024-12-01,Cancelled
7150,1621,2024-05-20,Delivered
7151,1762,2024-09-21,Delivered
7152,1810,2024-01-17,Delivered
7153,2045,2024-10-09,Delivered
7154,192,2024-02-27,Cancelled
7155,2119,2025-02-01,Delivered
7156,422,2025-04-08,Delivered
7157,2021,2024-08-07,Delivered
7158,339,2025-04-26,Delivered
7159,1441,2024-08-02,Delivered
7160,1156,2025-04-21,Delivered
7161,2901,2024-10-10,Cancelled
7162,1856,2024-10-29,Delivered
7163,253,2024-08-11,Delivered
7164,2111,2025-05-25,Delivered
7165,560,2025-01-20,Delivered
7166,833,2024-09-29,Cancelled
7167,1128,2025-03-10,Delivered
7168,2298,2024-09-09,Delivered
7169,2818,2025-04-23,Cancelled
7170,2738,2024-09-16,Delivered
7171,479,2025-03-18,Delivered
7172,175,2024-05-18,Delivered
7173,2453,2024-11-05,Delivered
7174,841,2024-11-30,Delivered
7175,1713,2024-10-14,Delivered
7176,2933,2024-09-02,Delivered
7177,535,2024-01-01,Delivered
7178,1119,2025-06-16,Delivered
7179,2565,2024-04-27,Delivered
7180,1920,2024-04-03,Delivered
7181,2785,2025-03-18,Delivered
7182,1857,2024-02-11,Delivered
7183,892,2025-02-20,Pending
7184,2377,2024-07-10,Delivered
7185,2230,2025-01-28,Delivered
7186,2766,2024-04-27,Delivered
7187,1430,2025-01-18,Delivered
7188,1513,2025-06-25,Delivered
7189,959,2024-10-02,Delivered
7190,781,2024-10-31,Delivered
7191,2983,2024-11-30,Delivered
7192,2930,2024-07-15,Delivered
7193,1592,2024-10-27,Delivered
7194,2853,2024-12-16,Delivered
7195,1065,2024-01-14,Delivered
7196,2522,2024-09-04,Delivered
7197,1864,2024-10-14,Delivered
7198,2151,2024-04-24,Delivered
7199,2156,2024-09-14,Delivered
7200,1866,2024-08-03,Delivered
7201,2524,2024-10-29,Delivered
7202,1172,2024-06-05,Delivered
7203,2515,2025-05-05,Delivered
7204,527,2024-12-14,Cancelled
7205,574,2024-12-08,Delivered
7206,2151,2025-03-21,Delivered
7207,2229,2024-01-12,Delivered
7208,2675,2024-05-23,Delivered
7209,794,2024-04-08,Delivered
7210,152,2024-12-05,Delivered
7211,1529,2024-07-05,Delivered
7212,2591,2025-01-21,Pending
7213,2917,2025-05-29,Delivered
7214,2537,2024-07-21,Delivered
7215,1470,2024-06-29,Delivered
7216,2554,2024-09-23,Delivered
7217,617,2024-09-24,Delivered
7218,2724,2024-07-14,Delivered
7219,1675,2024-07-07,Delivered
7220,1164,2024-07-22,Delivered
7221,1709,2024-09-23,Delivered
7222,2320,2024-08-31,Delivered
7223,704,2024-09-06,Delivered
7224,290,2024-06-10,Delivered
7225,2190,2024-12-11,Delivered
7226,2842,2024-09-23,Delivered
7227,1873,2024-05-05,Delivered
7228,389,2025-02-14,Delivered
7229,1903,2025-04-25,Delivered
7230,321,2024-08-03,Delivered
7231,892,2024-10-12,Delivered
7232,85,2025-05-31,Delivered
7233,1463,2024-06-21,Delivered
7234,950,2024-04-29,Pending
7235,273,2024-07-08,Delivered
7236,907,2024-09-02,Delivered
7237,1916,2024-08-30,Delivered
7238,844,2024-11-24,Delivered
7239,391,2024-05-30,Delivered
7240,1627,2024-10-23,Delivered
7241,2229,2024-02-28,Cancelled
7242,2454,2025-06-01,Delivered
7243,1418,2024-06-09,Delivered
7244,2135,2024-06-26,Delivered
7245,2466,2024-03-29,Delivered
7246,2001,2024-07-25,Delivered
7247,1584,2025-06-16,Delivered
7248,172,2024-11-21,Pending
7249,847,2024-12-30,Delivered
7250,941,2024-11-21,Delivered
7251,1186,2024-07-01,Cancelled
7252,2835,2025-03-05,Cancelled
7253,597,2024-07-06,Pending
7254,1620,2025-03-09,Delivered
7255,2967,2025-06-22,Cancelled
7256,1810,2024-01-06,Delivered
7257,597,2024-04-01,Cancelled
7258,2878,2025-02-21,Delivered
7259,1005,2024-03-07,Delivered
7260,128,2025-01-26,Delivered
7261,1285,2024-05-14,Delivered
7262,706,2024-11-15,Delivered
7263,2427,2024-12-22,Pending
7264,635,2024-06-22,Cancelled
7265,2435,2025-04-13,Delivered
7266,96,2025-05-10,Delivered
7267,2750,2024-04-29,Delivered
7268,113,2025-02-07,Delivered
7269,2789,2025-01-02,Delivered
7270,210,2024-05-20,Delivered
7271,2582,2025-03-21,Delivered
7272,2457,2024-06-15,Delivered
7273,1740,2024-05-19,Delivered
7274,95,2025-01-22,Delivered
7275,1818,2024-03-06,Delivered
7276,1807,2025-05-16,Delivered
7277,1660,2024-07-28,Delivered
7278,1857,2024-09-24,Delivered
7279,2905,2025-01-05,Cancelled
7280,2979,2025-04-25,Delivered
7281,1565,2025-02-24,Delivered
7282,260,2024-07-27,Delivered
7283,369,2025-02-13,Delivered
7284,2162,2024-08-03,Delivered
7285,2941,2024-10-09,Cancelled
7286,1298,2025-01-09,Cancelled
7287,275,2024-10-27,Delivered
7288,1053,2024-01-28,Delivered
7289,1148,2024-01-25,Delivered
7290,2985,2024-03-16,Pending
7291,2061,2024-02-15,Pending
7292,326,2025-02-01,Pending
7293,1005,2024-04-14,Delivered
7294,131,2024-05-12,Delivered
7295,1930,2024-06-20,Delivered
7296,1999,2024-04-05,Delivered
7297,161,2025-04-18,Delivered
7298,999,2024-02-18,Delivered
7299,2677,2024-04-14,Delivered
7300,2453,2024-05-02,Delivered
7301,1699,2024-02-16,Delivered
7302,1455,2024-05-16,Delivered
7303,2970,2024-04-11,Delivered
7304,2166,2024-07-05,Delivered
7305,2842,2024-03-24,Delivered
7306,201,2025-05-27,Delivered
7307,610,2025-03-05,Delivered
7308,84,2024-12-17,Cancelled
7309,2567,2024-11-19,Delivered
7310,2085,2025-01-13,Cancelled
7311,507,2025-05-28,Pending
7312,2922,2024-03-13,Cancelled
7313,2858,2024-10-17,Delivered
7314,650,2024-04-15,Delivered
7315,1915,2024-09-04,Delivered
7316,1983,2025-05-05,Cancelled
7317,2,2024-12-10,Delivered
7318,2068,2024-12-12,Delivered
7319,639,2024-02-22,Delivered
7320,2673,2025-03-18,Delivered
7321,2484,2025-01-25,Delivered
7322,2687,2024-07-14,Delivered
7323,2229,2024-07-01,Delivered
7324,465,2024-11-11,Delivered
7325,1081,2025-02-18,Pending
7326,2129,2024-10-01,Delivered
7327,957,2025-04-12,Delivered
7328,2132,2024-04-22,Delivered
7329,1004,2025-01-11,Delivered
7330,508,2025-03-26,Delivered
7331,1559,2025-01-21,Delivered
7332,2060,2024-07-01,Delivered
7333,1557,2024-09-10,Cancelled
7334,1898,2024-09-11,Delivered
7335,1308,2024-06-17,Delivered
7336,2303,2024-03-13,Delivered
7337,1920,2024-04-11,Delivered
7338,1701,2024-12-14,Delivered
7339,1297,2024-05-02,Delivered
7340,1609,2025-03-07,Delivered
7341,138,2025-03-08,Delivered
7342,1977,2024-08-12,Delivered
7343,592,2024-07-18,Delivered
7344,2542,2025-06-18,Delivered
7345,2401,2024-01-07,Delivered
7346,1586,2024-05-20,Delivered
7347,2513,2025-01-12,Delivered
7348,1991,2025-04-21,Delivered
7349,381,2024-09-07,Delivered
7350,2213,2025-01-28,Delivered
7351,2979,2025-05-21,Delivered
7352,105,2024-11-14,Delivered
7353,716,2025-02-08,Delivered
7354,1750,2024-04-06,Delivered
7355,1254,2024-09-27,Delivered
7356,1879,2025-02-01,Delivered
7357,1718,2024-08-13,Delivered
7358,2332,2025-06-08,Delivered
7359,196,2025-03-28,Cancelled
7360,1316,2024-03-11,Delivered
7361,2542,2025-04-03,Pending
7362,1089,2024-11-17,Delivered
7363,1517,2024-08-11,Delivered
7364,48,2025-01-18,Delivered
7365,649,2024-08-22,Delivered
7366,1393,2024-09-09,Delivered
7367,1203,2024-11-14,Cancelled
7368,2146,2024-04-29,Delivered
7369,1801,2024-08-20,Cancelled
7370,2598,2024-01-28,Cancelled
7371,2529,2024-02-01,Delivered
7372,709,2024-12-22,Cancelled
7373,36,2024-05-31,Delivered
7374,2529,2024-12-31,Cancelled
7375,975,2025-02-18,Delivered
7376,1030,2024-12-29,Delivered
7377,431,2024-08-17,Delivered
7378,2082,2024-11-03,Cancelled
7379,817,2025-03-03,Cancelled
7380,505,2024-07-05,Delivered
7381,1515,2024-08-15,Delivered
7382,2229,2024-05-12,Delivered
7383,786,2024-04-19,Delivered
7384,2166,2024-02-05,Delivered
7385,1382,2024-02-08,Delivered
7386,1218,2024-03-21,Delivered
7387,1079,2025-02-23,Cancelled
7388,395,2024-12-09,Delivered
7389,988,2024-02-18,Delivered
7390,2598,2025-02-23,Delivered
7391,291,2025-02-13,Delivered
7392,2871,2025-05-10,Delivered
7393,301,2025-06-12,Delivered
7394,1088,2024-02-15,Cancelled
7395,1783,2024-10-12,Delivered
7396,2483,2025-03-20,Cancelled
7397,391,2024-05-10,Delivered
7398,381,2024-11-22,Delivered
7399,1852,2024-02-19,Pending
7400,858,2024-06-13,Delivered
7401,1905,2025-06-18,Cancelled
7402,2436,2025-01-31,Delivered
7403,219,2024-05-22,Delivered
7404,2508,2025-06-24,Delivered
7405,99,2024-04-20,Delivered
7406,2667,2024-07-26,Cancelled
7407,2925,2024-08-30,Delivered
7408,1979,2024-12-08,Delivered
7409,2945,2024-05-23,Delivered
7410,2442,2024-05-22,Delivered
7411,118,2025-01-01,Delivered
7412,2,2024-04-21,Delivered
7413,43,2024-03-18,Pending
7414,1348,2024-03-22,Delivered
7415,1831,2024-06-28,Delivered
7416,1453,2024-01-18,Delivered
7417,2021,2024-01-20,Delivered
7418,1339,2025-01-30,Delivered
7419,113,2024-10-22,Cancelled
7420,656,2024-03-20,Delivered
7421,2969,2024-05-19,Cancelled
7422,1027,2025-01-04,Delivered
7423,962,2025-03-13,Delivered
7424,412,2025-04-19,Delivered
7425,2955,2024-04-28,Delivered
7426,673,2025-04-07,Delivered
7427,1915,2024-08-20,Delivered
7428,112,2024-06-12,Delivered
7429,190,2024-11-11,Delivered
7430,2151,2024-03-08,Delivered
7431,1864,2024-09-10,Delivered
7432,2034,2024-08-29,Pending
7433,673,2024-11-21,Delivered
7434,2948,2024-04-08,Delivered
7435,1663,2024-02-03,Delivered
7436,2911,2024-07-22,Delivered
7437,464,2025-06-20,Delivered
7438,1223,2024-11-06,Delivered
7439,1000,2024-10-26,Delivered
7440,2229,2024-12-17,Delivered
7441,2229,2024-10-04,Delivered
7442,1461,2024-04-29,Delivered
7443,31,2025-06-21,Delivered
7444,498,2024-05-04,Delivered
7445,137,2024-12-15,Cancelled
7446,2513,2025-04-17,Delivered
7447,845,2024-12-25,Delivered
7448,326,2025-05-30,Delivered
7449,1059,2024-04-07,Delivered
7450,219,2024-12-16,Delivered
7451,2934,2024-02-20,Delivered
7452,926,2024-10-31,Cancelled
7453,2766,2024-04-10,Cancelled
7454,2045,2024-12-25,Delivered
7455,1674,2024-06-27,Delivered
7456,1427,2024-03-11,Delivered
7457,2062,2025-04-17,Delivered
7458,2060,2025-05-04,Pending
7459,21,2024-04-03,Delivered
7460,2692,2024-04-23,Delivered
7461,1104,2024-01-21,Delivered
7462,1053,2024-12-31,Cancelled
7463,1224,2025-05-02,Delivered
7464,2059,2024-05-01,Delivered
7465,1125,2024-09-03,Delivered
7466,1117,2025-01-20,Delivered
7467,178,2024-08-29,Delivered
7468,1258,2025-02-15,Pending
7469,400,2025-02-15,Delivered
7470,2529,2025-02-08,Delivered
7471,998,2025-01-25,Delivered
7472,2881,2024-08-22,Delivered
7473,2055,2024-08-02,Delivered
7474,2229,2024-11-27,Delivered
7475,2830,2024-02-28,Delivered
7476,697,2024-11-22,Delivered
7477,1678,2024-01-18,Delivered
7478,105,2025-01-28,Delivered
7479,289,2024-11-26,Cancelled
7480,1102,2024-09-29,Cancelled
7481,2044,2024-06-14,Delivered
7482,2459,2024-10-03,Delivered
7483,743,2024-12-12,Delivered
7484,2229,2025-01-08,Delivered
7485,649,2025-05-18,Delivered
7486,9,2024-04-02,Cancelled
7487,149,2024-01-25,Cancelled
7488,1716,2024-12-22,Delivered
7489,1492,2024-03-29,Delivered
7490,787,2024-03-21,Delivered
7491,10,2024-05-30,Cancelled
7492,1682,2025-01-30,Delivered
7493,2423,2024-02-04,Pending
7494,192,2024-07-31,Delivered
7495,2202,2024-02-27,Delivered
7496,1864,2025-04-03,Delivered
7497,1440,2025-02-20,Delivered
7498,130,2024-02-18,Cancelled
7499,2735,2024-05-29,Delivered
7500,1434,2024-09-08,Pending
7501,1206,2024-09-06,Delivered
7502,2542,2024-04-01,Delivered
7503,2512,2024-09-11,Delivered
7504,2179,2025-04-19,Delivered
7505,2453,2024-04-30,Delivered
7506,339,2024-03-09,Cancelled
7507,2234,2024-07-29,Delivered
7508,971,2024-09-21,Delivered
7509,2565,2024-06-04,Delivered
7510,1105,2024-02-27,Delivered
7511,149,2024-02-16,Delivered
7512,1252,2025-03-11,Delivered
7513,2229,2024-03-12,Delivered
7514,1504,2024-06-02,Delivered
7515,2249,2025-02-20,Pending
7516,94,2024-11-20,Cancelled
7517,507,2024-01-14,Delivered
7518,1673,2024-04-02,Delivered
7519,1149,2024-09-14,Cancelled
7520,2034,2024-07-10,Delivered
7521,2885,2025-06-23,Delivered
7522,1955,2024-03-03,Delivered
7523,1261,2024-01-15,Delivered
7524,1625,2024-10-27,Delivered
7525,2703,2025-06-07,Delivered
7526,2001,2024-01-02,Delivered
7527,2375,2025-03-28,Delivered
7528,886,2025-06-26,Delivered
7529,2223,2024-08-15,Delivered
7530,379,2024-08-15,Delivered
7531,2229,2025-06-25,Delivered
7532,2603,2024-12-09,Delivered
7533,2670,2024-10-25,Pending
7534,321,2024-06-05,Delivered
7535,2453,2025-05-23,Delivered
7536,309,2024-05-18,Delivered
7537,1436,2024-08-02,Delivered
7538,2044,2025-04-06,Delivered
7539,1454,2024-10-05,Delivered
7540,1014,2025-02-17,Delivered
7541,2051,2025-06-27,Delivered
7542,1959,2024-12-17,Delivered
7543,1713,2024-03-29,Delivered
7544,1589,2025-02-14,Delivered
7545,2119,2024-11-23,Delivered
7546,1216,2024-04-05,Delivered
7547,192,2024-03-01,Delivered
7548,1612,2025-05-25,Delivered
7549,2171,2024-02-27,Delivered
7550,877,2024-09-05,Delivered
7551,381,2025-06-21,Pending
7552,2700,2025-04-19,Delivered
7553,2556,2025-04-03,Delivered
7554,1810,2025-02-05,Delivered
7555,2329,2024-09-17,Delivered
7556,2908,2024-06-05,Delivered
7557,1687,2025-05-04,Delivered
7558,716,2024-11-06,Delivered
7559,1886,2024-08-04,Delivered
7560,2709,2025-06-11,Delivered
7561,2073,2024-07-20,Delivered
7562,63,2024-01-21,Delivered
7563,2715,2024-11-24,Delivered
7564,2229,2024-08-20,Delivered
7565,1210,2024-12-06,Delivered
7566,2957,2024-12-04,Delivered
7567,2165,2024-12-09,Delivered
7568,2450,2024-07-04,Delivered
7569,2815,2024-05-17,Delivered
7570,103,2024-06-22,Delivered
7571,2288,2025-06-10,Delivered
7572,1152,2025-02-12,Delivered
7573,2576,2024-08-02,Pending
7574,2598,2025-05-15,Delivered
7575,2453,2025-02-21,Delivered
7576,2308,2024-10-20,Delivered
7577,2352,2025-03-12,Delivered
7578,870,2025-06-01,Delivered
7579,1224,2024-11-06,Delivered
7580,316,2024-02-25,Delivered
7581,2457,2024-08-23,Delivered
7582,1912,2024-05-04,Cancelled
7583,1801,2025-01-16,Delivered
7584,717,2024-02-17,Delivered
7585,1801,2024-09-12,Delivered
7586,1357,2024-08-25,Delivered
7587,2979,2024-07-29,Delivered
7588,2551,2024-12-08,Delivered
7589,1581,2024-10-24,Delivered
7590,2383,2024-04-19,Cancelled
7591,465,2025-03-12,Pending
7592,290,2024-09-01,Delivered
7593,1856,2024-03-26,Delivered
7594,2179,2025-01-08,Cancelled
7595,144,2024-08-02,Delivered
7596,577,2024-12-15,Delivered
7597,1612,2025-02-16,Delivered
7598,178,2024-12-09,Delivered
7599,1273,2025-05-28,Delivered
7600,1453,2024-11-26,Cancelled
7601,2726,2024-07-27,Delivered
7602,927,2025-06-22,Delivered
7603,466,2024-10-08,Cancelled
7604,14,2025-01-24,Delivered
7605,333,2024-06-29,Cancelled
7606,2229,2025-05-10,Delivered
7607,1329,2025-05-28,Cancelled
7608,568,2025-06-03,Delivered
7609,2766,2024-07-30,Delivered
7610,2330,2025-04-14,Delivered
7611,314,2025-01-01,Cancelled
7612,782,2024-02-21,Delivered
7613,2518,2025-05-15,Delivered
7614,2079,2024-10-15,Pending
7615,2824,2024-10-17,Delivered
7616,217,2024-07-27,Cancelled
7617,2295,2025-04-10,Delivered
7618,217,2024-02-22,Delivered
7619,1005,2024-07-28,Delivered
7620,2229,2024-11-04,Pending
7621,2135,2024-04-17,Delivered
7622,2,2024-04-26,Delivered
7623,584,2024-12-02,Delivered
7624,2306,2024-11-13,Delivered
7625,343,2025-03-22,Delivered
7626,966,2025-03-22,Delivered
7627,527,2024-01-10,Cancelled
7628,313,2024-08-03,Cancelled
7629,2480,2025-04-07,Delivered
7630,176,2025-06-02,Delivered
7631,1609,2024-02-21,Cancelled
7632,2080,2025-02-22,Delivered
7633,161,2024-05-06,Delivered
7634,1861,2025-03-15,Delivered
7635,997,2024-08-31,Delivered
7636,2466,2024-03-02,Delivered
7637,2357,2024-04-21,Delivered
7638,2350,2025-05-29,Delivered
7639,1201,2025-02-23,Delivered
7640,2445,2024-01-19,Delivered
7641,1853,2025-06-01,Delivered
7642,1129,2025-04-05,Delivered
7643,234,2024-10-24,Delivered
7644,191,2024-01-17,Delivered
7645,736,2024-08-25,Delivered
7646,878,2024-03-29,Delivered
7647,2749,2024-07-18,Delivered
7648,3000,2024-06-21,Delivered
7649,391,2025-01-24,Delivered
7650,2812,2025-02-06,Delivered
7651,2120,2024-04-04,Delivered
7652,1499,2025-05-06,Delivered
7653,2848,2025-01-01,Delivered
7654,2144,2024-12-29,Cancelled
7655,1739,2025-02-27,Delivered
7656,602,2025-02-01,Pending
7657,716,2025-03-06,Delivered
7658,2699,2024-06-07,Delivered
7659,621,2025-01-09,Delivered
7660,90,2025-06-16,Cancelled
7661,771,2025-02-15,Delivered
7662,1449,2024-08-10,Delivered
7663,1138,2024-12-11,Delivered
7664,2777,2025-05-13,Delivered
7665,1264,2024-12-23,Delivered
7666,2633,2025-03-01,Delivered
7667,1740,2025-04-30,Delivered
7668,1579,2024-07-19,Delivered
7669,442,2024-07-02,Delivered
7670,787,2024-07-06,Delivered
7671,2565,2024-07-20,Delivered
7672,2311,2025-01-05,Delivered
7673,1335,2024-09-22,Delivered
7674,2692,2025-05-28,Delivered
7675,2428,2025-01-09,Delivered
7676,313,2025-01-02,Delivered
7677,1783,2025-06-02,Delivered
7678,2363,2025-04-13,Delivered
7679,2383,2024-01-18,Cancelled
7680,257,2025-06-11,Delivered
7681,650,2025-04-26,Delivered
7682,1247,2024-06-29,Delivered
7683,737,2024-05-08,Delivered
7684,307,2024-10-21,Delivered
7685,1852,2025-06-29,Delivered
7686,1529,2024-11-28,Delivered
7687,424,2024-11-12,Pending
7688,1718,2024-04-28,Delivered
7689,178,2025-05-05,Delivered
7690,1144,2025-03-11,Delivered
7691,2343,2024-02-01,Delivered
7692,2637,2024-05-22,Delivered
7693,716,2025-04-26,Cancelled
7694,2542,2025-01-20,Delivered
7695,2649,2024-08-08,Delivered
7696,1783,2024-10-13,Delivered
7697,2942,2024-03-09,Delivered
7698,717,2025-04-01,Delivered
7699,192,2024-12-10,Delivered
7700,2504,2024-10-06,Delivered
7701,1477,2024-11-30,Cancelled
7702,1029,2024-11-16,Delivered
7703,152,2024-08-25,Delivered
7704,183,2024-04-08,Delivered
7705,255,2024-09-19,Delivered
7706,527,2025-03-17,Delivered
7707,2913,2024-01-30,Delivered
7708,822,2024-08-07,Delivered
7709,2422,2025-03-24,Delivered
7710,36,2024-11-12,Delivered
7711,953,2024-01-14,Delivered
7712,2689,2025-04-06,Cancelled
7713,534,2024-01-30,Pending
7714,831,2024-09-18,Delivered
7715,2452,2024-03-03,Delivered
7716,333,2024-05-29,Delivered
7717,145,2024-08-02,Delivered
7718,2898,2024-05-24,Delivered
7719,1221,2025-04-23,Delivered
7720,1946,2024-11-05,Delivered
7721,346,2024-07-16,Delivered
7722,635,2024-06-07,Pending
7723,1374,2024-09-28,Delivered
7724,2016,2024-07-03,Delivered
7725,860,2025-03-16,Delivered
7726,2613,2024-05-08,Delivered
7727,2312,2025-01-11,Delivered
7728,1642,2024-08-31,Delivered
7729,1373,2024-05-24,Delivered
7730,1813,2024-09-11,Delivered
7731,2187,2024-03-06,Cancelled
7732,373,2024-10-14,Delivered
7733,2524,2025-01-26,Cancelled
7734,1468,2024-11-19,Delivered
7735,2774,2024-01-09,Cancelled
7736,2856,2024-11-16,Delivered
7737,83,2024-01-14,Delivered
7738,1148,2024-07-19,Cancelled
7739,1581,2024-12-12,Delivered
7740,1615,2025-05-06,Cancelled
7741,2444,2025-06-17,Delivered
7742,381,2024-10-06,Delivered
7743,1825,2024-04-26,Delivered
7744,2810,2025-03-30,Delivered
7745,2985,2024-07-13,Delivered
7746,20,2024-10-31,Delivered
7747,2919,2024-04-18,Delivered
7748,333,2024-07-21,Delivered
7749,1610,2024-09-18,Delivered
7750,718,2025-02-07,Delivered
7751,1783,2025-05-06,Delivered
7752,99,2024-04-06,Delivered
7753,694,2024-11-01,Delivered
7754,882,2025-06-13,Pending
7755,2710,2024-01-10,Delivered
7756,1714,2024-11-08,Delivered
7757,2128,2025-02-23,Cancelled
7758,2019,2024-02-26,Cancelled
7759,1174,2024-12-30,Delivered
7760,31,2024-08-18,Delivered
7761,299,2024-11-24,Delivered
7762,1373,2025-01-24,Delivered
7763,2805,2024-03-19,Delivered
7764,726,2024-02-07,Delivered
7765,2097,2024-06-21,Delivered
7766,2453,2024-05-22,Delivered
7767,2692,2024-06-06,Delivered
7768,860,2025-05-19,Delivered
7769,2760,2025-01-10,Pending
7770,1791,2024-07-13,Delivered
7771,1532,2024-11-26,Delivered
7772,2304,2024-03-27,Delivered
7773,695,2024-04-09,Pending
7774,2403,2024-02-23,Delivered
7775,1920,2024-08-20,Delivered
7776,2367,2024-12-04,Delivered
7777,2529,2024-10-04,Delivered
7778,1803,2024-10-31,Delivered
7779,98,2024-03-30,Delivered
7780,873,2024-12-19,Delivered
7781,2598,2024-10-28,Delivered
7782,1849,2025-06-07,Delivered
7783,2637,2024-05-14,Delivered
7784,1148,2024-02-02,Delivered
7785,1518,2024-09-05,Delivered
7786,2548,2024-04-17,Delivered
7787,2239,2024-04-05,Delivered
7788,1127,2024-05-07,Delivered
7789,51,2025-01-06,Delivered
7790,2598,2024-08-21,Pending
7791,2329,2025-04-22,Delivered
7792,1339,2024-03-07,Delivered
7793,1631,2025-05-23,Delivered
7794,592,2024-08-11,Delivered
7795,1246,2024-10-18,Delivered
7796,456,2025-03-21,Cancelled
7797,604,2024-09-25,Delivered
7798,2513,2024-03-30,Delivered
7799,1089,2024-05-11,Delivered
7800,2416,2025-05-15,Delivered
7801,1424,2024-02-08,Delivered
7802,195,2025-05-12,Cancelled
7803,1085,2025-01-03,Delivered
7804,431,2024-10-07,Delivered
7805,2083,2024-06-21,Delivered
7806,2698,2025-04-14,Delivered
7807,2247,2024-01-18,Delivered
7808,2305,2025-01-23,Delivered
7809,2544,2024-04-24,Delivered
7810,2302,2024-07-13,Delivered
7811,1683,2024-02-04,Pending
7812,2146,2024-11-02,Delivered
7813,1258,2024-03-21,Delivered
7814,195,2024-03-04,Delivered
7815,2119,2024-06-28,Delivered
7816,2165,2024-09-27,Delivered
7817,646,2025-05-30,Delivered
7818,2845,2025-03-29,Delivered
7819,143,2024-08-06,Delivered
7820,2201,2024-11-15,Delivered
7821,2907,2025-02-24,Delivered
7822,908,2024-07-27,Delivered
7823,2702,2025-02-23,Delivered
7824,2452,2024-12-28,Delivered
7825,2223,2025-01-18,Delivered
7826,2845,2025-06-17,Delivered
7827,1934,2024-07-24,Delivered
7828,1491,2024-02-06,Delivered
7829,2017,2024-10-19,Delivered
7830,1245,2024-06-29,Delivered
7831,962,2024-02-02,Delivered
7832,239,2024-03-26,Delivered
7833,1128,2024-10-18,Delivered
7834,2375,2025-06-06,Pending
7835,2824,2024-07-03,Delivered
7836,2923,2024-10-25,Delivered
7837,596,2024-04-06,Delivered
7838,1694,2024-03-11,Delivered
7839,1702,2025-03-03,Delivered
7840,503,2024-11-30,Delivered
7841,1709,2024-04-13,Pending
7842,1089,2024-09-30,Pending
7843,2810,2024-11-12,Delivered
7844,738,2024-02-02,Cancelled
7845,2470,2024-06-12,Delivered
7846,2667,2025-04-17,Delivered
7847,2200,2024-07-17,Delivered
7848,621,2025-01-22,Pending
7849,756,2024-11-26,Pending
7850,2915,2024-01-03,Delivered
7851,217,2025-06-01,Delivered
7852,323,2025-06-07,Delivered
7853,2933,2024-12-30,Delivered
7854,2303,2024-03-27,Delivered
7855,2229,2025-04-06,Delivered
7856,442,2024-01-01,Delivered
7857,1467,2024-10-05,Delivered
7858,2495,2024-08-21,Delivered
7859,974,2025-01-15,Delivered
7860,559,2024-03-17,Cancelled
7861,22,2025-04-22,Delivered
7862,1826,2024-11-07,Delivered
7863,860,2024-05-22,Delivered
7864,2555,2024-06-19,Cancelled
7865,831,2025-01-09,Cancelled
7866,410,2024-04-11,Delivered
7867,2879,2024-06-11,Delivered
7868,2893,2025-06-21,Delivered
7869,2058,2025-04-25,Delivered
7870,2749,2024-06-30,Delivered
7871,450,2024-10-30,Delivered
7872,1374,2024-08-14,Pending
7873,592,2024-04-19,Delivered
7874,1439,2024-02-29,Delivered
7875,2340,2025-04-01,Delivered
7876,2510,2024-05-14,Delivered
7877,5,2024-04-17,Delivered
7878,1165,2024-12-14,Delivered
7879,2973,2024-03-10,Pending
7880,1727,2025-06-06,Delivered
7881,870,2025-04-26,Pending
7882,1162,2024-08-13,Delivered
7883,956,2024-04-10,Delivered
7884,1335,2024-03-17,Delivered
7885,1325,2025-04-13,Delivered
7886,1526,2024-08-28,Cancelled
7887,1394,2024-11-11,Delivered
7888,1554,2024-03-08,Delivered
7889,65,2025-03-25,Delivered
7890,149,2024-10-09,Delivered
7891,1108,2024-02-08,Delivered
7892,2615,2024-02-11,Delivered
7893,2338,2025-06-10,Delivered
7894,312,2024-02-01,Delivered
7895,1491,2024-06-12,Delivered
7896,1778,2024-01-08,Delivered
7897,1453,2024-02-02,Delivered
7898,2094,2025-03-19,Delivered
7899,2986,2025-02-21,Delivered
7900,271,2024-06-29,Delivered
7901,1552,2024-04-07,Delivered
7902,1542,2024-05-15,Delivered
7903,1670,2024-07-10,Delivered
7904,465,2025-02-28,Delivered
7905,1884,2024-11-20,Delivered
7906,118,2024-08-30,Delivered
7907,2213,2024-02-07,Delivered
7908,1963,2024-03-04,Delivered
7909,982,2024-04-20,Delivered
7910,2961,2024-04-25,Delivered
7911,2453,2024-09-24,Delivered
7912,1615,2025-04-16,Delivered
7913,2966,2024-08-18,Delivered
7914,2454,2024-06-28,Cancelled
7915,376,2024-10-31,Delivered
7916,1735,2024-02-11,Delivered
7917,1708,2025-02-01,Delivered
7918,1930,2024-01-31,Delivered
7919,2801,2024-07-11,Delivered
7920,1482,2025-06-04,Delivered
7921,219,2024-08-08,Delivered
7922,1440,2025-02-12,Cancelled
7923,2331,2024-05-28,Delivered
7924,1072,2025-04-10,Delivered
7925,65,2024-07-04,Delivered
7926,892,2024-05-04,Delivered
7927,2042,2024-01-28,Delivered
7928,248,2024-06-16,Delivered
7929,1125,2024-11-12,Delivered
7930,369,2024-02-04,Cancelled
7931,1429,2024-04-04,Delivered
7932,383,2024-07-08,Delivered
7933,308,2025-01-26,Delivered
7934,2096,2024-11-21,Delivered
7935,430,2024-01-24,Delivered
7936,424,2024-01-20,Pending
7937,1738,2024-02-02,Delivered
7938,118,2024-06-29,Cancelled
7939,92,2024-06-04,Cancelled
7940,1286,2024-03-04,Delivered
7941,1098,2024-08-27,Delivered
7942,1626,2024-11-18,Delivered
7943,2971,2025-01-13,Delivered
7944,1297,2025-06-27,Delivered
7945,1702,2025-01-12,Cancelled
7946,2716,2025-06-22,Delivered
7947,1454,2025-06-15,Delivered
7948,2312,2025-04-07,Delivered
7949,1636,2024-07-10,Delivered
7950,1875,2024-01-24,Delivered
7951,2764,2024-02-02,Pending
7952,2,2025-04-20,Delivered
7953,2672,2025-04-15,Delivered
7954,1495,2024-06-17,Delivered
7955,1783,2025-02-02,Delivered
7956,1339,2024-09-05,Delivered
7957,758,2024-02-07,Delivered
7958,188,2024-12-23,Delivered
7959,2822,2024-02-15,Delivered
7960,1833,2024-03-12,Delivered
7961,2585,2024-09-17,Delivered
7962,847,2024-02-08,Delivered
7963,805,2024-07-05,Delivered
7964,1001,2025-02-15,Delivered
7965,673,2024-11-21,Delivered
7966,1496,2024-01-31,Delivered
7967,2778,2024-04-29,Delivered
7968,2593,2025-06-26,Delivered
7969,1491,2025-06-07,Delivered
7970,1037,2025-05-16,Delivered
7971,1800,2024-10-06,Delivered
7972,1801,2024-08-23,Delivered
7973,2050,2025-02-13,Delivered
7974,1609,2025-06-06,Delivered
7975,65,2024-03-09,Delivered
7976,217,2025-05-03,Delivered
7977,2921,2024-12-02,Pending
7978,2229,2024-03-17,Delivered
7979,2831,2025-04-17,Delivered
7980,1014,2024-01-18,Delivered
7981,1605,2024-01-13,Delivered
7982,953,2024-07-19,Cancelled
7983,2692,2024-10-21,Cancelled
7984,839,2024-08-21,Delivered
7985,2083,2024-05-14,Delivered
7986,497,2024-12-24,Delivered
7987,294,2024-09-18,Delivered
7988,424,2024-03-06,Cancelled
7989,1592,2025-03-21,Delivered
7990,2508,2024-06-17,Delivered
7991,2998,2025-01-11,Delivered
7992,1826,2024-07-10,Delivered
7993,1603,2025-02-15,Delivered
7994,2330,2024-06-03,Delivered
7995,178,2024-04-25,Delivered
7996,2391,2024-02-10,Delivered
7997,2229,2025-03-30,Delivered
7998,1592,2025-01-28,Delivered
7999,54,2024-12-01,Delivered
8000,585,2024-11-27,Delivered
8001,1104,2024-02-07,Delivered
8002,2804,2024-08-12,Delivered
8003,1885,2025-04-16,Delivered
8004,1533,2024-06-07,Delivered
8005,1466,2024-01-31,Delivered
8006,2311,2025-04-03,Delivered
8007,958,2024-01-16,Delivered
8008,269,2025-01-11,Delivered
8009,2021,2025-03-31,Delivered
8010,974,2025-02-10,Delivered
8011,964,2024-01-08,Delivered
8012,1357,2025-05-04,Delivered
8013,709,2024-02-18,Delivered
8014,2726,2025-04-09,Delivered
8015,2513,2024-01-10,Delivered
8016,2967,2024-09-25,Delivered
8017,2893,2025-04-25,Delivered
8018,924,2024-05-23,Delivered
8019,1138,2024-01-25,Delivered
8020,2097,2024-02-18,Delivered
8021,31,2024-07-22,Delivered
8022,2973,2024-07-15,Delivered
8023,22,2024-04-28,Delivered
8024,1595,2024-09-06,Delivered
8025,1985,2024-07-05,Cancelled
8026,2709,2024-11-18,Delivered
8027,1905,2024-06-07,Delivered
8028,1748,2024-06-20,Delivered
8029,881,2025-04-29,Delivered
8030,1735,2025-03-04,Delivered
8031,2229,2025-02-23,Delivered
8032,1552,2024-07-26,Delivered
8033,2309,2025-04-28,Delivered
8034,192,2024-07-05,Delivered
8035,999,2025-01-28,Delivered
8036,2876,2025-02-14,Delivered
8037,958,2024-06-29,Delivered
8038,1822,2024-12-02,Delivered
8039,1564,2024-04-11,Delivered
8040,2780,2024-07-28,Delivered
8041,455,2024-10-16,Delivered
8042,877,2024-12-29,Delivered
8043,2546,2024-07-13,Delivered
8044,1973,2025-01-23,Delivered
8045,1625,2024-12-17,Delivered
8046,1186,2025-04-16,Cancelled
8047,1243,2024-01-22,Delivered
8048,2771,2024-10-07,Delivered
8049,1992,2025-01-24,Delivered
8050,2750,2024-08-18,Delivered
8051,2918,2024-06-12,Delivered
8052,1633,2024-11-13,Cancelled
8053,1798,2024-09-09,Delivered
8054,1940,2024-08-22,Delivered
8055,2488,2025-06-18,Delivered
8056,1951,2024-08-18,Delivered
8057,314,2024-04-27,Delivered
8058,2810,2024-01-10,Cancelled
8059,1959,2024-03-05,Delivered
8060,2579,2024-10-20,Cancelled
8061,1273,2024-04-24,Delivered
8062,1427,2024-02-29,Delivered
8063,2069,2024-07-10,Delivered
8064,2299,2024-05-11,Delivered
8065,225,2024-10-19,Delivered
8066,1228,2024-01-31,Delivered
8067,2273,2025-06-19,Delivered
8068,2968,2025-05-12,Cancelled
8069,24,2025-04-19,Delivered
8070,768,2024-04-03,Delivered
8071,1395,2025-01-25,Delivered
8072,645,2024-01-08,Delivered
8073,65,2025-01-28,Delivered
8074,1615,2025-03-11,Delivered
8075,1919,2024-06-03,Delivered
8076,1258,2024-09-10,Delivered
8077,1104,2025-05-21,Delivered
8078,2950,2024-04-18,Pending
8079,1434,2024-10-21,Delivered
8080,2357,2024-06-14,Delivered
8081,836,2024-03-29,Pending
8082,2454,2025-01-07,Delivered
8083,2450,2025-06-02,Pending
8084,779,2024-11-04,Pending
8085,1939,2024-10-03,Delivered
8086,2042,2024-10-18,Delivered
8087,1321,2024-03-25,Delivered
8088,2284,2024-04-19,Delivered
8089,898,2025-02-05,Delivered
8090,1454,2024-11-15,Delivered
8091,2964,2024-05-07,Delivered
8092,512,2024-01-11,Delivered
8093,398,2024-04-12,Cancelled
8094,387,2024-10-02,Delivered
8095,2993,2024-05-26,Delivered
8096,439,2025-02-03,Delivered
8097,547,2024-11-11,Delivered
8098,2086,2024-03-21,Cancelled
8099,2230,2024-06-08,Delivered
8100,1583,2024-01-20,Delivered
8101,2943,2024-01-23,Delivered
8102,103,2025-02-14,Delivered
8103,1818,2024-07-30,Delivered
8104,1783,2025-04-26,Delivered
8105,949,2024-05-07,Delivered
8106,2667,2024-06-24,Delivered
8107,1649,2024-10-06,Cancelled
8108,718,2024-06-02,Delivered
8109,253,2024-09-07,Delivered
8110,299,2024-03-07,Delivered
8111,2667,2024-02-12,Delivered
8112,734,2025-04-14,Pending
8113,2692,2024-05-13,Cancelled
8114,332,2024-02-25,Delivered
8115,2945,2024-06-02,Delivered
8116,2466,2024-08-17,Delivered
8117,319,2024-09-21,Delivered
8118,248,2025-02-22,Delivered
8119,2375,2025-03-24,Delivered
8120,224,2024-06-08,Cancelled
8121,758,2024-04-29,Cancelled
8122,2374,2024-03-08,Delivered
8123,2692,2024-03-27,Delivered
8124,2263,2024-01-16,Delivered
8125,2637,2024-01-01,Delivered
8126,1666,2024-08-16,Delivered
8127,2309,2024-11-27,Delivered
8128,1023,2025-03-23,Cancelled
8129,2328,2024-06-26,Delivered
8130,2030,2024-06-06,Delivered
8131,1702,2024-12-31,Pending
8132,2968,2024-12-13,Delivered
8133,1411,2025-01-11,Delivered
8134,1812,2024-04-02,Delivered
8135,1533,2024-01-25,Delivered
8136,756,2024-10-24,Delivered
8137,981,2024-08-16,Delivered
8138,2934,2024-05-21,Delivered
8139,1172,2025-06-12,Delivered
8140,2028,2024-03-27,Delivered
8141,1676,2024-05-30,Delivered
8142,2637,2025-02-13,Cancelled
8143,2229,2024-10-16,Delivered
8144,234,2024-05-06,Delivered
8145,1061,2024-10-20,Delivered
8146,2138,2024-08-16,Delivered
8147,447,2024-05-22,Delivered
8148,1515,2025-01-01,Delivered
8149,934,2025-03-01,Delivered
8150,184,2024-02-07,Delivered
8151,2986,2024-01-03,Delivered
8152,2750,2025-05-08,Delivered
8153,2229,2024-05-03,Delivered
8154,577,2024-02-17,Delivered
8155,2961,2024-11-19,Delivered
8156,1856,2024-06-25,Delivered
8157,2898,2025-05-15,Delivered
8158,113,2025-06-08,Delivered
8159,490,2024-01-06,Cancelled
8160,2022,2024-04-14,Delivered
8161,2692,2024-11-24,Cancelled
8162,502,2024-07-02,Delivered
8163,932,2024-01-02,Delivered
8164,1724,2024-09-09,Delivered
8165,2999,2024-12-06,Delivered
8166,2369,2025-06-24,Delivered
8167,2735,2024-08-12,Delivered
8168,2014,2025-03-07,Delivered
8169,2598,2024-08-25,Delivered
8170,1528,2025-01-01,Delivered
8171,339,2025-06-12,Delivered
8172,2130,2025-03-19,Delivered
8173,1769,2025-01-07,Cancelled
8174,1458,2025-03-27,Delivered
8175,795,2024-04-17,Delivered
8176,2321,2025-03-10,Delivered
8177,2436,2025-06-28,Pending
8178,1096,2025-06-15,Delivered
8179,2749,2024-05-20,Cancelled
8180,1104,2024-08-21,Delivered
8181,301,2025-01-09,Delivered
8182,465,2024-02-10,Delivered
8183,1490,2025-01-06,Delivered
8184,229,2024-05-30,Delivered
8185,2157,2025-04-08,Delivered
8186,2352,2024-12-01,Delivered
8187,1637,2024-08-05,Delivered
8188,2656,2024-01-28,Delivered
8189,2845,2025-01-14,Pending
8190,1335,2024-10-19,Delivered
8191,254,2024-12-07,Pending
8192,673,2024-01-10,Delivered
8193,1945,2024-08-26,Delivered
8194,1223,2025-02-16,Delivered
8195,2058,2025-05-15,Delivered
8196,1977,2024-07-10,Delivered
8197,1781,2024-05-17,Delivered
8198,430,2025-01-20,Pending
8199,831,2024-05-02,Pending
8200,1128,2025-04-29,Delivered
8201,2450,2024-12-10,Delivered
8202,2043,2025-05-20,Delivered
8203,1909,2024-04-13,Delivered
8204,1996,2024-02-15,Delivered
8205,1513,2025-03-29,Delivered
8206,103,2024-06-06,Delivered
8207,578,2024-07-04,Delivered
8208,380,2024-05-26,Pending
8209,179,2024-08-17,Delivered
8210,941,2025-05-05,Delivered
8211,2331,2025-01-07,Delivered
8212,317,2024-02-09,Delivered
8213,313,2025-04-28,Delivered
8214,339,2024-08-28,Delivered
8215,787,2025-01-11,Delivered
8216,585,2024-07-18,Delivered
8217,31,2024-02-21,Delivered
8218,798,2024-08-17,Delivered
8219,2982,2024-07-03,Delivered
8220,1005,2024-01-10,Delivered
8221,608,2025-02-13,Delivered
8222,1491,2025-04-15,Delivered
8223,670,2025-05-10,Delivered
8224,1665,2024-05-13,Delivered
8225,1207,2024-12-12,Cancelled
8226,2667,2024-10-17,Delivered
8227,2749,2024-11-21,Delivered
8228,2141,2025-03-11,Delivered
8229,624,2024-07-26,Pending
8230,1424,2024-05-30,Delivered
8231,897,2024-09-18,Delivered
8232,2359,2024-12-29,Pending
8233,74,2024-08-23,Delivered
8234,1962,2024-06-14,Delivered
8235,957,2024-01-31,Delivered
8236,1452,2024-11-08,Delivered
8237,956,2024-01-12,Delivered
8238,1098,2024-09-14,Delivered
8239,2012,2024-12-03,Delivered
8240,1744,2024-09-08,Delivered
8241,713,2024-10-05,Delivered
8242,118,2024-05-31,Delivered
8243,2531,2024-05-13,Pending
8244,1482,2025-04-06,Delivered
8245,1810,2025-05-02,Pending
8246,1466,2024-03-28,Pending
8247,1811,2024-04-22,Delivered
8248,1849,2024-07-14,Delivered
8249,31,2025-01-17,Delivered
8250,1603,2024-02-03,Delivered
8251,1508,2025-03-06,Delivered
8252,270,2024-01-04,Delivered
8253,2228,2025-04-03,Cancelled
8254,683,2024-01-23,Delivered
8255,149,2025-04-03,Delivered
8256,2375,2025-05-30,Cancelled
8257,2563,2025-03-09,Delivered
8258,707,2025-06-21,Delivered
8259,2062,2024-09-06,Delivered
8260,7,2024-12-16,Cancelled
8261,2165,2024-12-06,Delivered
8262,1395,2024-01-07,Delivered
8263,2343,2025-04-13,Delivered
8264,1175,2025-01-19,Delivered
8265,1048,2024-08-17,Delivered
8266,2495,2024-04-27,Delivered
8267,103,2025-01-01,Delivered
8268,538,2025-06-19,Delivered
8269,1246,2024-03-28,Delivered
8270,1746,2025-05-17,Delivered
8271,7,2024-11-04,Cancelled
8272,1702,2025-03-06,Delivered
8273,1128,2024-03-18,Delivered
8274,1853,2024-02-27,Delivered
8275,2692,2024-12-26,Cancelled
8276,1317,2024-06-03,Delivered
8277,1654,2024-07-24,Delivered
8278,1386,2024-12-05,Delivered
8279,329,2024-05-04,Delivered
8280,2346,2024-07-05,Delivered
8281,2616,2024-07-15,Delivered
8282,2399,2024-07-11,Delivered
8283,2830,2025-01-17,Delivered
8284,1407,2024-03-23,Delivered
8285,1928,2025-05-10,Delivered
8286,465,2025-01-26,Delivered
8287,2929,2024-01-07,Delivered
8288,1708,2024-11-04,Delivered
8289,758,2024-04-01,Delivered
8290,2378,2024-03-24,Delivered
8291,1718,2025-01-20,Delivered
8292,2834,2024-05-16,Delivered
8293,2274,2024-11-06,Delivered
8294,2598,2024-06-04,Delivered
8295,1631,2024-06-23,Delivered
8296,1557,2025-01-01,Delivered
8297,2229,2024-12-21,Delivered
8298,294,2024-01-12,Pending
8299,148,2025-04-18,Delivered
8300,2945,2024-11-16,Delivered
8301,2714,2024-05-20,Delivered
8302,2857,2024-03-02,Delivered
8303,178,2024-09-22,Delivered
8304,784,2025-01-14,Delivered
8305,2674,2024-01-12,Delivered
8306,255,2024-06-07,Delivered
8307,1344,2025-05-31,Delivered
8308,1015,2024-02-24,Delivered
8309,2598,2025-03-13,Delivered
8310,1559,2024-05-10,Delivered
8311,847,2024-10-02,Pending
8312,1579,2025-02-20,Delivered
8313,313,2025-06-25,Delivered
8314,2186,2024-11-25,Delivered
8315,1810,2024-04-30,Delivered
8316,1765,2024-02-14,Delivered
8317,1308,2025-02-10,Delivered
8318,860,2024-11-11,Delivered
8319,186,2025-02-24,Delivered
8320,2828,2025-06-23,Delivered
8321,1258,2025-03-29,Delivered
8322,1491,2024-09-30,Delivered
8323,1124,2025-01-09,Delivered
8324,2959,2024-12-07,Delivered
8325,2353,2024-04-14,Delivered
8326,270,2024-06-17,Delivered
8327,1791,2024-02-19,Cancelled
8328,1456,2024-07-20,Delivered
8329,2348,2024-04-08,Delivered
8330,2986,2025-05-04,Delivered
8331,2223,2025-04-13,Delivered
8332,2563,2025-02-01,Pending
8333,1511,2024-08-07,Delivered
8334,1117,2024-01-05,Delivered
8335,1903,2024-10-25,Pending
8336,2229,2024-01-14,Delivered
8337,662,2024-01-14,Delivered
8338,1515,2024-03-25,Delivered
8339,313,2024-09-25,Cancelled
8340,625,2025-02-13,Pending
8341,2605,2024-08-11,Delivered
8342,394,2025-02-27,Delivered
8343,2399,2024-10-18,Delivered
8344,1112,2025-05-02,Delivered
8345,1963,2024-07-23,Delivered
8346,2693,2024-06-12,Delivered
8347,2312,2024-02-11,Delivered
8348,2450,2024-04-29,Pending
8349,758,2024-01-25,Delivered
8350,1085,2024-04-04,Delivered
8351,2190,2025-06-02,Delivered
8352,2303,2024-10-24,Cancelled
8353,2335,2024-11-25,Delivered
8354,2213,2024-07-29,Pending
8355,673,2024-12-17,Delivered
8356,844,2024-11-02,Delivered
8357,2809,2025-05-14,Delivered
8358,1652,2025-03-10,Delivered
8359,2229,2024-10-27,Delivered
8360,1756,2025-03-02,Delivered
8361,2738,2024-12-02,Delivered
8362,2572,2025-06-27,Delivered
8363,758,2024-10-12,Delivered
8364,2613,2025-04-09,Delivered
8365,879,2024-04-06,Delivered
8366,1317,2024-04-01,Delivered
8367,2523,2024-06-19,Pending
8368,959,2025-03-25,Delivered
8369,847,2025-04-27,Delivered
8370,1985,2024-08-07,Pending
8371,2999,2024-08-30,Delivered
8372,363,2024-09-24,Delivered
8373,2111,2024-04-21,Cancelled
8374,1582,2024-10-20,Cancelled
8375,1240,2025-03-28,Delivered
8376,2229,2025-02-14,Delivered
8377,1654,2024-02-17,Delivered
8378,2357,2024-07-12,Pending
8379,2223,2024-12-15,Delivered
8380,2949,2024-11-19,Delivered
8381,2396,2025-01-17,Delivered
8382,191,2025-02-12,Delivered
8383,2309,2024-06-14,Pending
8384,1919,2024-09-13,Delivered
8385,255,2024-04-01,Delivered
8386,1781,2025-01-26,Delivered
8387,2229,2024-09-01,Delivered
8388,564,2024-07-09,Delivered
8389,1297,2025-02-16,Pending
8390,1625,2025-05-27,Delivered
8391,1247,2025-04-29,Delivered
8392,2593,2024-03-14,Delivered
8393,468,2025-03-21,Delivered
8394,2278,2024-11-05,Delivered
8395,2303,2024-02-29,Delivered
8396,1336,2024-07-30,Delivered
8397,1614,2024-05-01,Delivered
8398,416,2024-05-20,Delivered
8399,561,2024-12-02,Delivered
8400,1596,2024-08-08,Delivered
8401,650,2025-01-22,Delivered
8402,2379,2025-03-16,Delivered
8403,1801,2024-01-05,Delivered
8404,156,2025-03-26,Delivered
8405,1070,2024-03-18,Delivered
8406,2538,2024-01-04,Delivered
8407,802,2024-02-21,Cancelled
8408,2160,2024-01-28,Delivered
8409,268,2024-07-05,Delivered
8410,2757,2025-04-03,Cancelled
8411,1339,2025-01-06,Delivered
8412,1481,2024-08-29,Delivered
8413,1688,2025-05-29,Delivered
8414,1092,2024-09-23,Delivered
8415,2175,2024-02-18,Cancelled
8416,31,2024-01-11,Delivered
8417,454,2024-10-03,Delivered
8418,542,2024-05-02,Delivered
8419,1864,2024-07-22,Cancelled
8420,2641,2024-06-18,Delivered
8421,178,2024-08-05,Delivered
8422,2524,2025-06-09,Delivered
8423,2432,2024-02-07,Delivered
8424,219,2024-02-29,Delivered
8425,391,2024-06-06,Delivered
8426,1045,2025-02-09,Delivered
8427,315,2024-05-17,Delivered
8428,2229,2024-05-15,Delivered
8429,1517,2025-01-27,Delivered
8430,1240,2024-11-24,Delivered
8431,2175,2024-12-16,Delivered
8432,859,2024-12-26,Delivered
8433,2581,2024-12-13,Delivered
8434,1933,2024-10-30,Cancelled
8435,1029,2024-10-10,Delivered
8436,1615,2025-02-22,Pending
8437,750,2024-07-05,Delivered
8438,2949,2024-06-24,Delivered
8439,1297,2024-05-13,Delivered
8440,2667,2025-03-29,Delivered
8441,2932,2024-01-07,Delivered
8442,1609,2024-04-24,Delivered
8443,2183,2024-03-21,Cancelled
8444,1695,2024-07-22,Delivered
8445,259,2024-04-30,Delivered
8446,2842,2024-10-02,Delivered
8447,1363,2025-06-16,Delivered
8448,2660,2024-08-21,Delivered
8449,1939,2025-06-13,Delivered
8450,294,2024-06-17,Delivered
8451,1259,2025-02-23,Delivered
8452,561,2024-03-16,Delivered
8453,473,2024-11-29,Cancelled
8454,2146,2025-02-14,Pending
8455,78,2024-12-31,Delivered
8456,2898,2025-05-26,Pending
8457,1339,2024-11-23,Cancelled
8458,1469,2024-11-16,Delivered
8459,878,2024-12-19,Delivered
8460,247,2024-07-12,Cancelled
8461,1724,2024-04-29,Delivered
8462,1023,2025-05-09,Delivered
8463,1833,2025-06-17,Delivered
8464,1658,2025-05-23,Delivered
8465,627,2025-02-17,Delivered
8466,1381,2024-05-02,Delivered
8467,904,2024-05-07,Delivered
8468,701,2024-06-18,Delivered
8469,2273,2024-10-07,Delivered
8470,25,2024-05-08,Cancelled
8471,782,2025-03-06,Delivered
8472,1595,2024-02-16,Delivered
8473,1430,2025-05-12,Delivered
8474,2797,2024-09-04,Pending
8475,2506,2024-07-28,Delivered
8476,2229,2024-09-02,Delivered
8477,1548,2024-09-21,Delivered
8478,1279,2024-10-28,Delivered
8479,97,2024-06-18,Delivered
8480,2440,2024-06-15,Delivered
8481,1285,2024-07-24,Delivered
8482,949,2024-03-26,Delivered
8483,1783,2024-05-04,Delivered
8484,2229,2024-08-16,Delivered
8485,1578,2024-01-17,Delivered
8486,402,2024-08-17,Delivered
8487,2726,2024-08-15,Delivered
8488,313,2024-01-02,Delivered
8489,2911,2024-09-13,Delivered
8490,1321,2024-12-27,Cancelled
8491,2826,2025-03-01,Delivered
8492,2709,2024-07-30,Delivered
8493,1224,2024-10-12,Delivered
8494,2369,2024-02-12,Pending
8495,255,2024-06-27,Delivered
8496,241,2024-12-28,Delivered
8497,1063,2024-09-09,Cancelled
8498,1798,2025-06-04,Delivered
8499,18,2025-03-10,Pending
8500,1552,2025-05-10,Delivered
8501,2925,2024-09-19,Delivered
8502,2538,2024-02-11,Delivered
8503,679,2024-10-30,Delivered
8504,1586,2025-05-31,Cancelled
8505,483,2024-04-04,Delivered
8506,763,2025-06-08,Delivered
8507,2734,2024-01-05,Delivered
8508,2989,2024-12-01,Delivered
8509,709,2025-05-22,Delivered
8510,610,2024-04-25,Delivered
8511,1147,2024-05-26,Delivered
8512,1332,2025-03-16,Cancelled
8513,254,2024-07-08,Delivered
8514,398,2024-12-23,Delivered
8515,1273,2024-03-03,Delivered
8516,683,2025-01-01,Delivered
8517,2510,2024-10-07,Delivered
8518,2229,2024-09-30,Delivered
8519,1609,2025-02-06,Pending
8520,1292,2024-09-01,Delivered
8521,2457,2025-01-09,Delivered
8522,465,2024-08-20,Delivered
8523,2623,2025-04-12,Pending
8524,135,2024-10-30,Cancelled
8525,2735,2024-06-05,Delivered
8526,378,2025-04-24,Delivered
8527,2400,2024-06-20,Delivered
8528,36,2025-05-29,Delivered
8529,2417,2025-06-11,Delivered
8530,1716,2024-10-31,Cancelled
8531,36,2024-09-06,Delivered
8532,2286,2024-05-25,Delivered
8533,290,2025-03-31,Pending
8534,1615,2024-05-26,Delivered
8535,988,2024-11-29,Delivered
8536,2230,2025-03-15,Delivered
8537,2525,2024-04-08,Pending
8538,1394,2024-04-04,Delivered
8539,2229,2025-06-06,Delivered
8540,2715,2025-06-23,Delivered
8541,2069,2024-06-26,Pending
8542,953,2024-05-06,Delivered
8543,1390,2024-12-16,Delivered
8544,672,2024-11-14,Cancelled
8545,1373,2024-05-18,Delivered
8546,717,2024-04-27,Delivered
8547,2380,2024-11-10,Delivered
8548,1798,2024-05-30,Delivered
8549,1861,2024-10-22,Delivered
8550,312,2025-01-10,Delivered
8551,2,2024-05-22,Delivered
8552,2333,2024-11-08,Delivered
8553,1625,2025-06-23,Delivered
8554,2761,2024-10-20,Delivered
8555,1612,2024-03-17,Delivered
8556,621,2025-02-05,Pending
8557,2097,2024-08-29,Delivered
8558,2111,2025-01-26,Delivered
8559,186,2024-01-18,Delivered
8560,2083,2025-01-23,Cancelled
8561,610,2025-01-07,Delivered
8562,738,2024-01-03,Delivered
8563,84,2024-09-09,Delivered
8564,1849,2024-09-13,Delivered
8565,2187,2024-11-01,Delivered
8566,673,2024-12-02,Cancelled
8567,2343,2025-01-16,Delivered
8568,2239,2025-05-13,Delivered
8569,1238,2025-02-21,Delivered
8570,192,2024-06-18,Delivered
8571,817,2025-06-11,Delivered
8572,465,2024-09-18,Delivered
8573,2872,2025-04-16,Delivered
8574,2425,2024-09-21,Delivered
8575,225,2024-06-25,Delivered
8576,1546,2025-01-29,Delivered
8577,775,2025-02-01,Delivered
8578,89,2024-03-06,Pending
8579,953,2024-02-11,Delivered
8580,349,2025-02-17,Delivered
8581,644,2024-03-15,Delivered
8582,966,2024-09-07,Cancelled
8583,1233,2024-09-07,Delivered
8584,1408,2024-08-27,Delivered
8585,1564,2024-09-07,Delivered
8586,1104,2025-06-03,Delivered
8587,1497,2024-10-03,Pending
8588,1262,2025-04-18,Delivered
8589,2892,2024-09-16,Delivered
8590,192,2024-09-14,Delivered
8591,1716,2024-12-16,Delivered
8592,560,2024-05-07,Delivered
8593,1121,2025-06-05,Delivered
8594,1631,2025-05-23,Cancelled
8595,2231,2024-04-04,Delivered
8596,2931,2024-03-21,Delivered
8597,1489,2024-07-14,Delivered
8598,747,2024-04-13,Delivered
8599,2341,2024-02-10,Delivered
8600,640,2025-03-17,Delivered
8601,1529,2024-04-19,Delivered
8602,2513,2024-07-20,Delivered
8603,1218,2025-06-23,Delivered
8604,1660,2024-08-05,Delivered
8605,331,2024-01-22,Delivered
8606,152,2024-05-12,Delivered
8607,2952,2024-04-26,Delivered
8608,513,2024-10-30,Delivered
8609,999,2024-08-20,Cancelled
8610,1518,2024-02-11,Delivered
8611,1119,2024-06-08,Pending
8612,272,2024-09-12,Delivered
8613,564,2024-10-24,Cancelled
8614,1489,2024-08-15,Delivered
8615,1308,2025-06-24,Delivered
8616,2357,2024-09-25,Delivered
8617,916,2025-01-19,Cancelled
8618,2799,2024-11-08,Pending
8619,829,2024-08-09,Delivered
8620,982,2024-01-16,Delivered
8621,2834,2025-01-07,Cancelled
8622,2493,2025-04-14,Delivered
8623,931,2025-04-21,Delivered
8624,1186,2025-03-09,Delivered
8625,2501,2024-05-05,Delivered
8626,248,2024-09-03,Delivered
8627,861,2025-01-26,Delivered
8628,1596,2025-02-03,Delivered
8629,2453,2024-12-01,Cancelled
8630,1673,2024-01-27,Delivered
8631,1469,2025-02-04,Delivered
8632,2885,2024-11-04,Delivered
8633,320,2024-02-15,Delivered
8634,2311,2024-10-21,Delivered
8635,346,2025-02-04,Delivered
8636,2190,2025-05-25,Delivered
8637,1625,2025-03-06,Delivered
8638,768,2024-05-22,Delivered
8639,1625,2025-01-10,Delivered
8640,2598,2025-01-03,Delivered
8641,1418,2024-04-17,Delivered
8642,10,2025-03-29,Delivered
8643,156,2024-03-29,Pending
8644,1859,2025-02-13,Delivered
8645,2023,2025-02-07,Cancelled
8646,1210,2025-06-08,Delivered
8647,709,2024-12-19,Delivered
8648,2149,2024-02-09,Delivered
8649,893,2025-06-21,Pending
8650,212,2024-07-28,Cancelled
8651,1237,2024-09-05,Delivered
8652,1614,2025-04-18,Cancelled
8653,2898,2024-05-05,Delivered
8654,1738,2024-12-27,Delivered
8655,597,2025-02-24,Delivered
8656,2463,2024-10-16,Delivered
8657,852,2025-02-12,Delivered
8658,2874,2025-01-24,Delivered
8659,963,2024-10-12,Delivered
8660,2693,2024-02-19,Delivered
8661,2598,2025-02-11,Delivered
8662,2557,2025-03-07,Delivered
8663,103,2024-06-18,Delivered
8664,2521,2025-03-22,Delivered
8665,2165,2024-04-27,Delivered
8666,998,2024-04-03,Delivered
8667,1472,2024-03-09,Delivered
8668,1891,2024-10-28,Delivered
8669,2818,2024-06-07,Delivered
8670,2311,2025-01-14,Delivered
8671,1279,2024-12-23,Delivered
8672,1910,2024-08-20,Delivered
8673,535,2024-05-21,Delivered
8674,1273,2025-05-14,Delivered
8675,2341,2025-04-27,Delivered
8676,1783,2024-07-08,Delivered
8677,2318,2024-05-16,Delivered
8678,1533,2025-03-14,Delivered
8679,1136,2025-01-08,Delivered
8680,2218,2024-09-06,Delivered
8681,268,2024-10-15,Pending
8682,2933,2025-01-30,Delivered
8683,2831,2024-04-25,Delivered
8684,2598,2025-06-28,Delivered
8685,2613,2024-10-30,Delivered
8686,1535,2024-03-10,Delivered
8687,1496,2025-06-05,Pending
8688,2435,2025-06-28,Delivered
8689,831,2025-05-30,Delivered
8690,2522,2025-01-16,Cancelled
8691,577,2024-06-08,Delivered
8692,2598,2024-10-16,Delivered
8693,1619,2024-10-19,Delivered
8694,2504,2024-10-05,Delivered
8695,1487,2024-03-23,Delivered
8696,1793,2024-06-18,Delivered
8697,2748,2024-09-13,Delivered
8698,1263,2024-10-15,Delivered
8699,635,2024-06-24,Delivered
8700,256,2025-02-02,Delivered
8701,1728,2025-05-22,Delivered
8702,1799,2024-09-11,Pending
8703,1818,2024-12-11,Cancelled
8704,99,2024-04-15,Delivered
8705,65,2024-04-10,Delivered
8706,2664,2024-02-09,Delivered
8707,2090,2025-06-25,Delivered
8708,313,2024-06-13,Pending
8709,214,2025-01-14,Delivered
8710,450,2024-12-06,Delivered
8711,2380,2024-03-14,Delivered
8712,2170,2024-03-31,Delivered
8713,1886,2025-03-12,Delivered
8714,1893,2025-03-10,Delivered
8715,2540,2024-10-31,Cancelled
8716,991,2024-07-07,Pending
8717,953,2024-08-06,Delivered
8718,1273,2025-03-07,Delivered
8719,2963,2024-04-17,Delivered
8720,1654,2024-02-18,Delivered
8721,1633,2024-05-31,Delivered
8722,2391,2024-04-13,Pending
8723,510,2024-04-01,Cancelled
8724,1223,2024-09-10,Delivered
8725,1895,2025-03-14,Delivered
8726,2959,2025-01-12,Delivered
8727,422,2024-05-29,Delivered
8728,1348,2024-08-19,Delivered
8729,2688,2024-09-13,Delivered
8730,2175,2024-07-31,Delivered
8731,1801,2025-06-12,Delivered
8732,748,2025-06-02,Delivered
8733,538,2025-06-27,Delivered
8734,1117,2024-08-16,Delivered
8735,738,2025-03-08,Delivered
8736,2383,2025-02-05,Delivered
8737,2164,2025-03-12,Delivered
8738,2472,2024-03-29,Pending
8739,480,2025-05-30,Cancelled
8740,913,2025-05-27,Delivered
8741,2264,2025-03-11,Delivered
8742,458,2024-11-08,Delivered
8743,395,2024-09-03,Delivered
8744,1144,2024-05-15,Delivered
8745,535,2024-02-02,Delivered
8746,226,2025-06-08,Cancelled
8747,917,2024-04-23,Delivered
8748,2591,2024-07-05,Delivered
8749,156,2024-08-30,Cancelled
8750,1674,2025-01-04,Delivered
8751,1672,2024-05-24,Delivered
8752,1595,2024-04-27,Delivered
8753,1521,2024-06-28,Delivered
8754,36,2024-06-29,Delivered
8755,125,2024-02-02,Delivered
8756,1536,2024-08-01,Delivered
8757,2906,2024-10-28,Delivered
8758,1232,2024-09-01,Delivered
8759,1419,2024-07-10,Delivered
8760,2942,2025-05-15,Delivered
8761,2308,2024-05-21,Delivered
8762,2274,2025-04-05,Delivered
8763,1518,2024-11-29,Delivered
8764,2667,2024-12-22,Delivered
8765,1708,2024-05-31,Delivered
8766,1941,2025-06-11,Delivered
8767,2330,2024-09-17,Delivered
8768,1224,2024-10-03,Delivered
8769,2842,2024-05-14,Delivered
8770,2959,2024-09-18,Delivered
8771,1720,2025-01-06,Pending
8772,641,2025-05-26,Delivered
8773,2291,2025-04-11,Delivered
8774,953,2024-03-26,Delivered
8775,1702,2024-02-14,Delivered
8776,249,2025-06-04,Delivered
8777,2380,2025-03-23,Delivered
8778,2872,2024-03-23,Delivered
8779,268,2025-04-10,Delivered
8780,2187,2025-02-19,Delivered
8781,2542,2025-06-10,Delivered
8782,309,2024-03-28,Delivered
8783,720,2025-03-27,Delivered
8784,1172,2024-07-18,Delivered
8785,2481,2024-10-28,Pending
8786,1489,2024-05-21,Delivered
8787,376,2024-02-08,Delivered
8788,742,2025-01-15,Pending
8789,1404,2024-02-10,Delivered
8790,103,2024-09-11,Delivered
8791,1856,2024-04-17,Delivered
8792,58,2025-05-17,Delivered
8793,2312,2024-09-01,Cancelled
8794,2193,2024-04-11,Delivered
8795,2565,2025-06-05,Cancelled
8796,429,2025-01-10,Delivered
8797,1775,2024-04-05,Delivered
8798,2312,2024-07-12,Delivered
8799,1552,2024-10-21,Delivered
8800,362,2025-02-28,Delivered
8801,281,2025-06-28,Delivered
8802,1783,2025-04-04,Delivered
8803,1495,2024-01-08,Delivered
8804,2751,2024-09-16,Delivered
8805,2467,2024-01-26,Delivered
8806,2172,2024-06-13,Delivered
8807,2943,2024-05-27,Delivered
8808,2086,2024-05-25,Cancelled
8809,263,2024-05-02,Delivered
8810,222,2024-08-06,Delivered
8811,2419,2024-09-29,Delivered
8812,1081,2025-06-05,Cancelled
8813,2738,2024-08-17,Delivered
8814,329,2024-01-13,Delivered
8815,568,2024-11-14,Delivered
8816,2281,2024-06-13,Delivered
8817,2513,2024-03-21,Cancelled
8818,2565,2025-01-01,Delivered
8819,282,2025-01-09,Delivered
8820,1138,2024-07-09,Delivered
8821,1915,2024-04-27,Delivered
8822,2716,2024-09-24,Cancelled
8823,698,2024-09-03,Delivered
8824,1764,2025-06-13,Pending
8825,391,2024-01-19,Delivered
8826,2229,2024-04-07,Delivered
8827,349,2025-03-11,Cancelled
8828,3000,2025-06-01,Delivered
8829,262,2024-12-08,Pending
8830,2059,2024-06-21,Delivered
8831,2303,2024-04-23,Delivered
8832,750,2025-04-05,Delivered
8833,738,2024-11-24,Cancelled
8834,1746,2024-08-10,Delivered
8835,1856,2024-08-26,Delivered
8836,2164,2024-03-22,Delivered
8837,1708,2025-03-27,Delivered
8838,494,2024-01-27,Delivered
8839,2737,2025-06-21,Delivered
8840,465,2024-04-01,Delivered
8841,1673,2024-03-08,Delivered
8842,2719,2024-02-09,Pending
8843,2705,2024-09-24,Delivered
8844,465,2024-01-31,Delivered
8845,694,2024-05-20,Cancelled
8846,1774,2025-03-12,Delivered
8847,1005,2025-02-13,Delivered
8848,2184,2024-07-06,Cancelled
8849,1572,2024-01-19,Delivered
8850,771,2024-03-27,Delivered
8851,1242,2024-10-24,Pending
8852,2075,2024-09-11,Delivered
8853,2328,2025-04-12,Delivered
8854,1104,2024-09-20,Delivered
8855,294,2024-07-31,Cancelled
8856,1053,2024-12-07,Delivered
8857,1856,2025-04-02,Delivered
8858,2231,2025-03-22,Delivered
8859,2598,2024-03-21,Delivered
8860,2884,2024-08-16,Delivered
8861,1592,2025-05-16,Delivered
8862,2598,2025-03-17,Delivered
8863,758,2025-03-08,Delivered
8864,1665,2024-03-03,Delivered
8865,1614,2024-08-01,Delivered
8866,2264,2025-03-30,Delivered
8867,2281,2024-03-12,Delivered
8868,831,2025-01-26,Delivered
8869,2620,2024-10-11,Delivered
8870,2647,2025-02-01,Delivered
8871,2831,2025-01-01,Cancelled
8872,1373,2024-02-21,Delivered
8873,2956,2024-03-11,Delivered
8874,2327,2024-07-02,Cancelled
8875,1930,2025-05-24,Delivered
8876,1291,2025-05-26,Delivered
8877,2502,2025-02-20,Delivered
8878,2252,2024-05-10,Cancelled
8879,1716,2025-06-03,Cancelled
8880,2986,2025-01-26,Delivered
8881,727,2024-06-12,Delivered
8882,1897,2025-01-23,Delivered
8883,949,2024-08-24,Delivered
8884,1373,2024-09-18,Delivered
8885,1010,2024-05-11,Delivered
8886,998,2024-12-17,Delivered
8887,1125,2024-05-29,Delivered
8888,156,2025-05-19,Delivered
8889,105,2024-03-20,Pending
8890,2175,2024-05-17,Delivered
8891,915,2024-03-09,Pending
8892,44,2024-05-11,Delivered
8893,236,2025-01-01,Delivered
8894,561,2025-05-31,Delivered
8895,130,2024-03-26,Pending
8896,2824,2024-05-01,Delivered
8897,1682,2024-03-13,Delivered
8898,1181,2025-03-17,Delivered
8899,1603,2024-10-18,Delivered
8900,313,2024-07-17,Delivered
8901,2113,2025-01-19,Delivered
8902,2911,2024-02-16,Cancelled
8903,360,2025-02-28,Delivered
8904,411,2024-02-21,Delivered
8905,1852,2024-11-12,Delivered
8906,410,2024-01-18,Delivered
8907,342,2024-04-20,Delivered
8908,1991,2024-12-07,Delivered
8909,1810,2024-11-08,Delivered
8910,629,2024-09-01,Delivered
8911,2448,2024-12-07,Delivered
8912,294,2025-04-01,Delivered
8913,988,2024-05-20,Delivered
8914,2212,2025-06-14,Delivered
8915,1801,2024-03-19,Cancelled
8916,1761,2025-06-18,Delivered
8917,2060,2025-05-20,Cancelled
8918,1915,2024-08-21,Cancelled
8919,2586,2024-02-22,Delivered
8920,1684,2024-08-10,Delivered
8921,1209,2024-05-31,Delivered
8922,2256,2024-11-12,Delivered
8923,750,2024-05-06,Delivered
8924,2230,2024-02-06,Delivered
8925,816,2025-05-02,Delivered
8926,1449,2025-04-17,Delivered
8927,2213,2024-10-01,Delivered
8928,1850,2025-04-09,Delivered
8929,248,2025-06-06,Delivered
8930,1333,2025-05-17,Cancelled
8931,2400,2025-03-28,Delivered
8932,2985,2024-01-24,Pending
8933,1402,2025-02-16,Delivered
8934,248,2025-05-16,Delivered
8935,1100,2024-04-06,Delivered
8936,1470,2024-02-06,Delivered
8937,210,2024-07-07,Delivered
8938,2559,2025-03-25,Delivered
8939,1614,2025-03-23,Delivered
8940,1258,2024-11-14,Delivered
8941,1194,2025-06-21,Delivered
8942,67,2024-03-30,Delivered
8943,1561,2025-04-24,Delivered
8944,1427,2025-04-20,Delivered
8945,1027,2025-06-01,Delivered
8946,1949,2024-06-08,Delivered
8947,1242,2024-12-16,Delivered
8948,1694,2024-05-30,Delivered
8949,2616,2024-09-20,Delivered
8950,1095,2025-06-08,Delivered
8951,1198,2024-10-08,Delivered
8952,2565,2025-02-23,Delivered
8953,1070,2024-09-07,Delivered
8954,1309,2024-01-01,Delivered
8955,2373,2024-03-25,Delivered
8956,1737,2025-01-02,Delivered
8957,2766,2024-06-15,Delivered
8958,1412,2024-06-19,Delivered
8959,1439,2024-02-19,Delivered
8960,115,2025-03-24,Delivered
8961,564,2024-02-18,Delivered
8962,1615,2024-10-20,Delivered
8963,538,2024-06-19,Delivered
8964,1354,2025-05-09,Delivered
8965,831,2024-12-29,Delivered
8966,43,2024-02-07,Delivered
8967,1427,2024-12-01,Delivered
8968,1914,2024-03-31,Delivered
8969,1008,2024-11-01,Delivered
8970,2300,2024-05-12,Delivered
8971,397,2025-02-12,Delivered
8972,257,2024-09-15,Delivered
8973,2771,2024-08-18,Cancelled
8974,2726,2025-04-24,Delivered
8975,1224,2024-08-29,Delivered
8976,1266,2024-05-08,Delivered
8977,2523,2024-10-09,Delivered
8978,1594,2025-03-18,Delivered
8979,323,2024-02-06,Delivered
8980,316,2024-06-03,Delivered
8981,363,2024-11-13,Pending
8982,2312,2024-05-11,Delivered
8983,1774,2025-02-13,Delivered
8984,879,2024-01-31,Delivered
8985,453,2024-05-23,Cancelled
8986,338,2024-11-17,Delivered
8987,2213,2025-04-11,Delivered
8988,2620,2024-07-11,Cancelled
8989,1595,2024-05-25,Delivered
8990,2281,2025-05-21,Delivered
8991,831,2024-10-07,Delivered
8992,1716,2024-04-20,Delivered
8993,1308,2025-04-22,Delivered
8994,253,2024-01-16,Delivered
8995,1462,2025-02-07,Delivered
8996,2513,2025-05-09,Delivered
8997,143,2024-11-10,Pending
8998,1434,2025-05-14,Delivered
8999,2584,2024-12-06,Delivered
9000,2336,2024-11-22,Delivered
9001,1489,2024-02-29,Cancelled
9002,483,2024-04-07,Delivered
9003,2515,2025-01-16,Pending
9004,413,2025-01-07,Pending
9005,799,2024-11-30,Pending
9006,339,2024-04-24,Delivered
9007,1373,2024-02-16,Delivered
9008,1852,2024-02-16,Delivered
9009,2453,2024-03-08,Delivered
9010,1379,2024-04-29,Delivered
9011,2913,2025-06-14,Delivered
9012,1745,2025-03-01,Delivered
9013,1778,2024-04-07,Delivered
9014,499,2024-06-16,Delivered
9015,547,2025-05-04,Delivered
9016,1702,2024-09-02,Delivered
9017,2164,2024-05-30,Delivered
9018,593,2024-06-28,Delivered
9019,1454,2024-08-04,Cancelled
9020,1065,2024-10-23,Delivered
9021,1308,2024-10-30,Delivered
9022,641,2024-10-17,Cancelled
9023,381,2024-12-07,Delivered
9024,945,2024-06-11,Delivered
9025,2574,2024-09-28,Delivered
9026,2378,2025-03-28,Delivered
9027,290,2024-07-09,Delivered
9028,253,2025-06-20,Delivered
9029,1487,2024-09-29,Delivered
9030,802,2024-07-24,Delivered
9031,2449,2025-01-17,Delivered
9032,1461,2024-08-01,Delivered
9033,2524,2024-08-04,Delivered
9034,305,2024-07-23,Delivered
9035,2911,2024-10-24,Delivered
9036,2259,2024-01-23,Delivered
9037,2187,2024-07-26,Pending
9038,2798,2025-02-23,Delivered
9039,1412,2024-06-29,Delivered
9040,399,2024-10-21,Delivered
9041,1491,2024-06-12,Delivered
9042,2418,2025-05-29,Delivered
9043,2542,2024-05-02,Delivered
9044,1466,2025-02-28,Delivered
9045,2189,2025-02-19,Delivered
9046,721,2024-08-09,Cancelled
9047,673,2025-06-21,Delivered
9048,1718,2025-06-22,Delivered
9049,1273,2024-01-16,Delivered
9050,447,2024-11-06,Cancelled
9051,2237,2024-04-17,Delivered
9052,1598,2025-06-29,Delivered
9053,1565,2025-06-10,Delivered
9054,543,2024-08-19,Delivered
9055,709,2024-07-05,Delivered
9056,2080,2025-03-23,Delivered
9057,2523,2024-07-31,Delivered
9058,507,2025-02-03,Delivered
9059,2401,2024-12-27,Delivered
9060,2332,2024-06-04,Delivered
9061,2416,2024-07-11,Delivered
9062,1709,2025-05-24,Cancelled
9063,1049,2024-09-26,Delivered
9064,2275,2024-08-15,Cancelled
9065,1446,2025-05-06,Delivered
9066,641,2024-11-08,Delivered
9067,1213,2024-11-04,Delivered
9068,1373,2024-07-31,Delivered
9069,1521,2024-12-30,Delivered
9070,2667,2024-01-25,Delivered
9071,1242,2024-04-28,Delivered
9072,831,2025-03-23,Delivered
9073,2885,2024-05-22,Delivered
9074,709,2025-06-21,Delivered
9075,23,2025-05-01,Delivered
9076,2520,2024-07-27,Delivered
9077,2846,2025-05-15,Pending
9078,2042,2025-01-25,Delivered
9079,1231,2025-03-16,Delivered
9080,1626,2024-09-13,Cancelled
9081,2461,2024-03-07,Delivered
9082,2617,2024-10-25,Delivered
9083,291,2025-03-22,Delivered
9084,2568,2024-02-19,Delivered
9085,1803,2024-01-11,Delivered
9086,90,2024-11-21,Delivered
9087,307,2024-10-11,Delivered
9088,118,2025-01-03,Delivered
9089,2833,2025-01-08,Cancelled
9090,1277,2024-08-20,Delivered
9091,2147,2024-11-29,Delivered
9092,2,2024-09-18,Delivered
9093,2347,2024-04-22,Delivered
9094,1453,2025-02-09,Delivered
9095,2735,2024-07-24,Delivered
9096,1566,2025-05-03,Delivered
9097,2333,2024-08-04,Delivered
9098,1852,2024-04-13,Delivered
9099,1565,2025-03-28,Delivered
9100,2831,2024-03-16,Delivered
9101,1491,2025-06-22,Delivered
9102,2650,2024-12-09,Delivered
9103,95,2024-09-19,Cancelled
9104,1942,2024-05-05,Delivered
9105,2700,2024-04-20,Delivered
9106,2667,2024-04-16,Delivered
9107,1458,2025-03-30,Delivered
9108,1418,2024-04-21,Delivered
9109,2395,2024-01-20,Delivered
9110,999,2024-04-17,Delivered
9111,2783,2024-11-29,Cancelled
9112,734,2024-09-17,Delivered
9113,214,2024-07-22,Delivered
9114,2280,2025-06-10,Delivered
9115,1221,2024-07-06,Delivered
9116,1063,2025-03-28,Delivered
9117,948,2024-03-08,Delivered
9118,2941,2024-10-23,Pending
9119,1694,2024-03-12,Delivered
9120,2967,2024-02-14,Delivered
9121,1022,2025-01-06,Delivered
9122,1250,2025-01-02,Delivered
9123,609,2024-11-09,Delivered
9124,1284,2024-09-03,Delivered
9125,178,2024-05-27,Delivered
9126,2,2025-02-28,Delivered
9127,1352,2024-04-13,Delivered
9128,2228,2024-09-26,Delivered
9129,1302,2025-05-29,Cancelled
9130,1559,2024-12-30,Cancelled
9131,1330,2025-04-06,Delivered
9132,1581,2024-04-19,Delivered
9133,2296,2024-01-15,Cancelled
9134,2375,2025-03-30,Pending
9135,2483,2024-11-03,Delivered
9136,610,2025-03-01,Delivered
9137,1373,2025-04-05,Delivered
9138,2457,2024-07-23,Delivered
9139,2808,2024-03-01,Delivered
9140,1625,2025-06-10,Delivered
9141,1487,2024-06-15,Delivered
9142,2252,2024-03-28,Delivered
9143,2967,2024-11-07,Delivered
9144,1273,2024-01-11,Delivered
9145,465,2024-02-02,Delivered
9146,2469,2025-02-20,Delivered
9147,2134,2024-02-18,Delivered
9148,395,2024-11-23,Delivered
9149,958,2024-09-04,Cancelled
9150,1650,2024-03-01,Cancelled
9151,2186,2025-05-29,Delivered
9152,2312,2024-03-28,Pending
9153,424,2024-12-21,Delivered
9154,626,2024-03-12,Delivered
9155,2223,2024-11-18,Delivered
9156,319,2024-04-01,Cancelled
9157,1497,2025-04-30,Delivered
9158,1631,2024-09-08,Pending
9159,1013,2024-01-05,Delivered
9160,2354,2024-01-28,Cancelled
9161,152,2024-10-23,Delivered
9162,2303,2024-10-10,Delivered
9163,1912,2024-06-29,Pending
9164,1529,2024-11-26,Delivered
9165,2582,2025-03-11,Delivered
9166,585,2025-02-01,Delivered
9167,2372,2025-02-13,Cancelled
9168,538,2025-05-31,Delivered
9169,2966,2024-04-22,Delivered
9170,92,2024-02-15,Delivered
9171,1650,2024-03-07,Delivered
9172,465,2024-01-20,Delivered
9173,1232,2024-06-09,Delivered
9174,398,2024-03-16,Pending
9175,560,2025-05-18,Delivered
9176,175,2024-07-03,Pending
9177,16,2024-04-29,Delivered
9178,2159,2024-10-13,Delivered
9179,1353,2024-08-23,Cancelled
9180,118,2024-01-03,Delivered
9181,2792,2025-06-07,Delivered
9182,1972,2025-01-13,Cancelled
9183,768,2025-03-26,Delivered
9184,1308,2025-06-06,Delivered
9185,1468,2025-04-28,Delivered
9186,1688,2024-05-16,Delivered
9187,2534,2025-02-20,Delivered
9188,1728,2024-01-05,Delivered
9189,2934,2024-07-16,Delivered
9190,2179,2025-02-15,Delivered
9191,2960,2025-01-17,Delivered
9192,1639,2025-02-24,Delivered
9193,2026,2025-02-17,Delivered
9194,2209,2024-01-24,Cancelled
9195,2229,2024-11-14,Pending
9196,54,2024-12-03,Delivered
9197,349,2024-03-25,Delivered
9198,663,2024-05-12,Delivered
9199,787,2024-09-23,Cancelled
9200,2687,2024-12-11,Delivered
9201,2167,2025-04-09,Delivered
9202,391,2025-01-31,Delivered
9203,1275,2025-06-16,Delivered
9204,710,2024-05-01,Pending
9205,2453,2024-08-02,Delivered
9206,2715,2024-05-22,Delivered
9207,464,2025-05-01,Delivered
9208,1258,2024-11-29,Cancelled
9209,2842,2024-10-04,Delivered
9210,1941,2024-11-13,Delivered
9211,2568,2024-06-27,Cancelled
9212,1070,2025-04-28,Cancelled
9213,602,2024-12-01,Delivered
9214,2076,2024-10-05,Delivered
9215,376,2025-01-19,Cancelled
9216,2490,2025-03-12,Cancelled
9217,2229,2024-08-03,Delivered
9218,895,2025-02-03,Delivered
9219,1499,2025-03-11,Delivered
9220,2366,2024-12-29,Delivered
9221,2771,2024-03-04,Delivered
9222,1051,2024-04-14,Delivered
9223,2335,2024-01-18,Delivered
9224,560,2024-05-30,Delivered
9225,2679,2024-03-30,Pending
9226,2060,2024-11-05,Delivered
9227,412,2025-05-11,Delivered
9228,2213,2024-02-06,Pending
9229,2172,2024-06-04,Delivered
9230,2217,2024-01-25,Delivered
9231,1023,2024-02-15,Delivered
9232,2213,2024-01-28,Delivered
9233,2453,2024-11-27,Delivered
9234,1031,2025-05-18,Pending
9235,597,2025-01-30,Pending
9236,2626,2025-01-11,Delivered
9237,1818,2024-03-26,Delivered
9238,1374,2025-04-01,Delivered
9239,2598,2024-11-12,Pending
9240,376,2025-06-10,Delivered
9241,2395,2024-08-01,Delivered
9242,1477,2025-01-17,Delivered
9243,113,2024-09-19,Pending
9244,2919,2024-10-08,Delivered
9245,2303,2024-02-27,Delivered
9246,621,2024-09-18,Delivered
9247,2735,2024-04-01,Delivered
9248,2774,2025-02-11,Delivered
9249,2370,2025-01-21,Delivered
9250,346,2025-04-18,Delivered
9251,535,2024-09-08,Delivered
9252,2229,2025-03-28,Delivered
9253,2708,2025-05-01,Delivered
9254,621,2024-09-26,Delivered
9255,1374,2025-05-31,Delivered
9256,424,2025-02-26,Delivered
9257,1434,2024-06-07,Delivered
9258,1899,2024-09-17,Delivered
9259,36,2024-02-25,Delivered
9260,1901,2024-07-28,Delivered
9261,1891,2024-07-15,Delivered
9262,1359,2024-06-11,Delivered
9263,2664,2024-07-13,Cancelled
9264,373,2024-01-30,Delivered
9265,138,2024-09-04,Delivered
9266,1491,2024-04-19,Delivered
9267,1603,2024-05-05,Delivered
9268,772,2025-02-02,Delivered
9269,2882,2025-04-29,Delivered
9270,738,2024-04-03,Pending
9271,787,2024-11-02,Delivered
9272,2397,2025-05-07,Delivered
9273,2734,2024-11-27,Delivered
9274,1609,2024-02-12,Delivered
9275,36,2025-02-27,Delivered
9276,1061,2024-01-28,Delivered
9277,646,2024-12-02,Delivered
9278,1535,2024-09-19,Pending
9279,2044,2024-10-15,Delivered
9280,1175,2024-05-01,Delivered
9281,1612,2025-04-28,Delivered
9282,2231,2024-02-26,Pending
9283,717,2025-05-26,Delivered
9284,561,2024-02-02,Delivered
9285,2378,2024-06-14,Cancelled
9286,99,2024-10-14,Delivered
9287,404,2024-10-08,Delivered
9288,26,2024-05-21,Delivered
9289,1657,2024-06-06,Delivered
9290,1761,2024-10-30,Delivered
9291,1595,2024-01-12,Delivered
9292,1252,2024-03-21,Cancelled
9293,1591,2024-08-03,Delivered
9294,560,2024-01-14,Delivered
9295,2451,2024-02-17,Delivered
9296,2941,2024-01-15,Delivered
9297,1616,2025-03-22,Cancelled
9298,1118,2024-03-02,Delivered
9299,2341,2024-04-10,Delivered
9300,559,2025-03-10,Delivered
9301,947,2024-08-24,Delivered
9302,2796,2024-09-01,Delivered
9303,535,2024-12-24,Delivered
9304,313,2024-12-06,Delivered
9305,1631,2024-08-13,Delivered
9306,1720,2025-04-22,Delivered
9307,1749,2024-05-04,Delivered
9308,465,2024-04-26,Cancelled
9309,2165,2024-10-08,Delivered
9310,709,2025-04-20,Delivered
9311,2831,2025-05-04,Delivered
9312,664,2025-02-11,Delivered
9313,36,2024-01-02,Delivered
9314,1681,2025-02-02,Delivered
9315,588,2024-03-30,Delivered
9316,1852,2025-04-20,Delivered
9317,669,2024-03-02,Delivered
9318,1278,2024-03-09,Delivered
9319,518,2024-10-08,Delivered
9320,1279,2024-10-22,Cancelled
9321,376,2024-07-04,Delivered
9322,1008,2024-09-21,Cancelled
9323,569,2025-01-25,Delivered
9324,2419,2024-12-28,Delivered
9325,2182,2025-01-23,Delivered
9326,465,2024-05-09,Delivered
9327,242,2024-11-01,Cancelled
9328,60,2024-03-10,Delivered
9329,657,2024-05-12,Delivered
9330,1447,2025-06-15,Delivered
9331,1207,2024-01-24,Delivered
9332,2917,2024-09-11,Delivered
9333,2342,2024-09-26,Delivered
9334,224,2024-05-06,Delivered
9335,435,2024-01-28,Delivered
9336,65,2024-03-11,Delivered
9337,376,2025-02-02,Delivered
9338,1592,2024-11-20,Cancelled
9339,219,2024-10-31,Delivered
9340,171,2024-03-21,Delivered
9341,329,2024-10-24,Pending
9342,1989,2024-04-09,Delivered
9343,36,2024-06-19,Delivered
9344,2911,2025-06-03,Pending
9345,1138,2024-09-01,Delivered
9346,1005,2024-01-16,Delivered
9347,1427,2024-11-20,Delivered
9348,1559,2024-04-12,Delivered
9349,1266,2024-01-03,Delivered
9350,1461,2025-01-01,Delivered
9351,1014,2024-12-11,Cancelled
9352,953,2024-04-28,Delivered
9353,65,2025-02-08,Delivered
9354,1995,2024-04-09,Delivered
9355,1803,2024-09-30,Delivered
9356,1986,2024-10-30,Delivered
9357,2802,2024-03-02,Delivered
9358,1422,2025-01-14,Delivered
9359,2604,2024-10-02,Delivered
9360,1323,2024-08-23,Delivered
9361,1434,2025-02-06,Cancelled
9362,1861,2025-03-02,Delivered
9363,625,2024-09-26,Delivered
9364,628,2025-03-21,Delivered
9365,1533,2024-01-29,Delivered
9366,192,2024-12-06,Delivered
9367,686,2024-06-01,Cancelled
9368,2348,2024-11-11,Delivered
9369,1394,2024-12-07,Cancelled
9370,65,2025-03-21,Delivered
9371,175,2024-10-31,Delivered
9372,2717,2024-01-09,Delivered
9373,2861,2025-06-18,Delivered
9374,1894,2024-10-05,Pending
9375,534,2024-03-07,Delivered
9376,1104,2024-03-11,Delivered
9377,897,2024-01-18,Delivered
9378,2328,2024-04-30,Delivered
9379,1612,2024-05-25,Delivered
9380,2309,2025-06-02,Cancelled
9381,1081,2025-03-19,Delivered
9382,2577,2024-01-03,Delivered
9383,1280,2024-07-03,Delivered
9384,1261,2024-06-16,Delivered
9385,1468,2024-09-02,Delivered
9386,1737,2024-03-25,Delivered
9387,2660,2024-05-26,Cancelled
9388,1373,2024-11-07,Delivered
9389,2754,2024-10-10,Delivered
9390,1179,2025-04-05,Delivered
9391,962,2025-05-20,Delivered
9392,863,2024-08-01,Delivered
9393,43,2025-03-21,Delivered
9394,2515,2025-04-02,Delivered
9395,227,2024-07-07,Delivered
9396,998,2024-08-28,Delivered
9397,734,2024-12-08,Delivered
9398,2224,2025-05-11,Delivered
9399,2764,2025-02-26,Delivered
9400,2420,2025-04-07,Delivered
9401,943,2025-03-09,Delivered
9402,1361,2024-04-07,Delivered
9403,722,2024-04-26,Delivered
9404,2736,2025-04-28,Delivered
9405,329,2024-09-01,Cancelled
9406,2841,2024-04-15,Delivered
9407,2410,2024-06-11,Cancelled
9408,2137,2024-09-24,Delivered
9409,2285,2024-10-30,Delivered
9410,1013,2024-04-17,Delivered
9411,869,2024-05-17,Delivered
9412,1138,2024-07-30,Pending
9413,520,2024-04-26,Delivered
9414,2229,2025-06-22,Cancelled
9415,1427,2024-01-12,Delivered
9416,2620,2025-02-21,Pending
9417,2598,2024-06-08,Delivered
9418,424,2024-10-29,Delivered
9419,633,2024-06-17,Pending
9420,1240,2025-05-25,Delivered
9421,330,2025-06-15,Cancelled
9422,2071,2024-07-15,Delivered
9423,2207,2024-01-16,Delivered
9424,2165,2024-04-04,Delivered
9425,1412,2025-01-26,Delivered
9426,2504,2025-03-28,Delivered
9427,1783,2024-01-22,Cancelled
9428,2972,2024-01-07,Delivered
9429,2419,2024-09-25,Pending
9430,2166,2025-03-15,Delivered
9431,337,2025-02-22,Delivered
9432,2463,2024-01-12,Delivered
9433,897,2025-06-23,Pending
9434,1265,2024-06-04,Delivered
9435,1386,2024-05-05,Cancelled
9436,982,2024-07-13,Delivered
9437,306,2025-02-16,Delivered
9438,571,2024-06-22,Delivered
9439,2375,2024-12-19,Delivered
9440,1928,2024-05-12,Delivered
9441,2812,2024-03-05,Delivered
9442,2437,2024-02-29,Delivered
9443,1213,2024-08-27,Delivered
9444,2328,2024-01-02,Delivered
9445,1702,2024-11-01,Delivered
9446,833,2025-02-26,Delivered
9447,2923,2024-11-03,Delivered
9448,2749,2024-09-06,Delivered
9449,313,2024-04-02,Delivered
9450,2490,2024-03-29,Pending
9451,222,2024-03-04,Delivered
9452,2750,2024-02-14,Delivered
9453,1833,2024-11-03,Delivered
9454,465,2024-06-01,Cancelled
9455,2422,2024-12-27,Delivered
9456,1553,2024-07-12,Delivered
9457,169,2024-06-24,Delivered
9458,2359,2024-09-08,Pending
9459,2332,2024-07-17,Delivered
9460,1453,2024-02-25,Delivered
9461,2185,2024-01-14,Delivered
9462,105,2025-06-19,Delivered
9463,935,2024-02-28,Delivered
9464,2002,2024-05-26,Delivered
9465,673,2024-08-09,Delivered
9466,1343,2024-08-28,Delivered
9467,2762,2025-02-13,Delivered
9468,2453,2025-01-22,Delivered
9469,1663,2024-11-27,Delivered
9470,1702,2024-06-18,Delivered
9471,2621,2025-06-04,Delivered
9472,2551,2024-02-15,Delivered
9473,253,2024-06-18,Delivered
9474,1397,2024-07-24,Delivered
9475,551,2024-07-09,Delivered
9476,242,2024-10-28,Delivered
9477,856,2024-01-28,Cancelled
9478,1798,2025-04-04,Cancelled
9479,2352,2024-03-28,Delivered
9480,2702,2024-07-19,Delivered
9481,1273,2024-11-13,Delivered
9482,1273,2025-04-30,Delivered
9483,414,2024-10-31,Delivered
9484,560,2024-10-25,Delivered
9485,291,2024-05-14,Delivered
9486,2928,2025-01-26,Delivered
9487,350,2024-11-01,Cancelled
9488,2229,2024-01-17,Delivered
9489,934,2024-08-17,Delivered
9490,1612,2025-05-04,Delivered
9491,2582,2025-04-13,Delivered
9492,2778,2024-04-26,Delivered
9493,705,2025-02-08,Delivered
9494,2697,2024-06-26,Delivered
9495,738,2025-02-19,Delivered
9496,2377,2024-10-12,Delivered
9497,31,2024-06-24,Delivered
9498,1606,2025-06-08,Cancelled
9499,2175,2024-05-11,Delivered
9500,2486,2024-07-07,Delivered
9501,2496,2025-05-24,Delivered
9502,877,2024-04-30,Delivered
9503,2525,2024-04-17,Delivered
9504,958,2025-06-08,Pending
9505,681,2024-09-20,Delivered
9506,2,2025-03-17,Pending
9507,683,2024-02-18,Delivered
9508,329,2024-12-28,Delivered
9509,2013,2024-02-26,Delivered
9510,395,2024-08-11,Delivered
9511,1716,2024-04-20,Delivered
9512,344,2024-08-17,Delivered
9513,2119,2024-08-01,Delivered
9514,831,2025-06-03,Delivered
9515,906,2024-12-27,Pending
9516,1893,2024-02-07,Delivered
9517,2792,2024-09-22,Delivered
9518,2967,2025-02-17,Delivered
9519,1069,2024-09-25,Delivered
9520,2825,2024-11-24,Delivered
9521,1801,2024-10-06,Cancelled
9522,2691,2025-06-12,Delivered
9523,65,2024-12-24,Delivered
9524,92,2024-10-31,Delivered
9525,214,2025-05-29,Delivered
9526,2376,2024-06-02,Delivered
9527,376,2025-02-15,Delivered
9528,504,2025-03-01,Delivered
9529,1716,2024-07-21,Delivered
9530,2866,2025-06-22,Delivered
9531,1676,2024-06-10,Delivered
9532,2190,2025-05-10,Delivered
9533,538,2024-01-11,Delivered
9534,2709,2024-06-09,Delivered
9535,152,2024-06-15,Delivered
9536,829,2024-07-08,Delivered
9537,1354,2024-08-26,Delivered
9538,656,2025-02-16,Delivered
9539,1963,2024-08-22,Delivered
9540,2026,2024-11-22,Delivered
9541,609,2024-03-03,Delivered
9542,18,2024-01-07,Delivered
9543,214,2024-08-03,Pending
9544,2,2024-03-18,Delivered
9545,2687,2024-02-29,Delivered
9546,1821,2024-02-16,Delivered
9547,376,2024-05-28,Delivered
9548,263,2024-04-07,Delivered
9549,2423,2024-03-20,Delivered
9550,2398,2024-06-15,Delivered
9551,2749,2024-05-19,Cancelled
9552,436,2025-06-12,Pending
9553,1571,2024-12-14,Delivered
9554,333,2025-01-04,Pending
9555,2352,2025-01-09,Delivered
9556,1246,2024-01-30,Delivered
9557,2090,2024-09-26,Cancelled
9558,79,2024-11-27,Pending
9559,2303,2025-05-27,Delivered
9560,670,2024-08-26,Delivered
9561,2503,2024-05-29,Delivered
9562,535,2025-02-15,Delivered
9563,2336,2024-04-10,Delivered
9564,369,2025-04-27,Delivered
9565,1963,2024-07-13,Pending
9566,2308,2024-02-05,Delivered
9567,1152,2024-07-11,Delivered
9568,716,2025-06-19,Delivered
9569,1023,2024-08-24,Delivered
9570,870,2024-02-01,Delivered
9571,1861,2024-07-22,Delivered
9572,118,2025-02-03,Cancelled
9573,109,2024-01-30,Delivered
9574,840,2025-05-08,Pending
9575,799,2025-02-15,Cancelled
9576,507,2025-02-14,Delivered
9577,2151,2025-02-15,Delivered
9578,54,2024-03-23,Delivered
9579,2738,2025-03-13,Pending
9580,2229,2024-04-23,Delivered
9581,1216,2024-03-24,Cancelled
9582,2540,2024-01-23,Pending
9583,1809,2024-03-19,Delivered
9584,1689,2024-03-12,Cancelled
9585,919,2025-04-27,Delivered
9586,1963,2024-02-03,Delivered
9587,380,2024-12-19,Pending
9588,1581,2024-01-30,Delivered
9589,319,2025-06-08,Delivered
9590,1330,2024-11-02,Delivered
9591,1801,2024-10-08,Delivered
9592,424,2024-02-11,Delivered
9593,641,2025-04-19,Delivered
9594,2407,2024-08-20,Delivered
9595,738,2024-03-17,Delivered
9596,269,2025-01-22,Delivered
9597,982,2025-05-30,Delivered
9598,2772,2024-01-09,Cancelled
9599,2083,2024-04-20,Delivered
9600,1702,2024-12-14,Delivered
9601,2493,2024-02-03,Delivered
9602,1959,2025-02-17,Pending
9603,2398,2024-11-29,Delivered
9604,1942,2024-10-20,Delivered
9605,2559,2024-06-28,Delivered
9606,1833,2024-09-16,Delivered
9607,768,2024-02-15,Delivered
9608,106,2025-02-03,Delivered
9609,294,2024-12-01,Delivered
9610,1543,2024-10-16,Delivered
9611,2918,2025-03-03,Delivered
9612,2230,2024-10-05,Delivered
9613,2295,2024-08-08,Delivered
9614,1963,2025-03-13,Delivered
9615,2679,2025-05-25,Delivered
9616,2200,2025-04-02,Delivered
9617,750,2024-10-06,Delivered
9618,1503,2024-07-20,Delivered
9619,1220,2024-03-12,Delivered
9620,465,2024-08-14,Delivered
9621,643,2025-03-30,Delivered
9622,831,2025-03-13,Delivered
9623,490,2024-03-11,Delivered
9624,628,2024-10-24,Cancelled
9625,2714,2024-12-31,Delivered
9626,1022,2025-01-10,Delivered
9627,2453,2025-04-22,Delivered
9628,182,2024-02-11,Delivered
9629,2941,2024-09-10,Delivered
9630,2252,2024-02-22,Delivered
9631,2692,2025-01-30,Cancelled
9632,1581,2024-10-17,Cancelled
9633,1864,2024-08-24,Delivered
9634,1081,2025-03-23,Delivered
9635,1291,2025-04-07,Delivered
9636,2229,2024-06-21,Delivered
9637,137,2025-03-21,Delivered
9638,97,2025-06-08,Delivered
9639,2589,2024-01-29,Cancelled
9640,310,2025-02-19,Delivered
9641,2164,2024-03-04,Delivered
9642,572,2025-03-02,Delivered
9643,1100,2025-01-06,Delivered
9644,860,2025-03-31,Delivered
9645,1475,2024-11-09,Delivered
9646,2453,2024-05-18,Delivered
9647,2591,2025-01-14,Delivered
9648,641,2024-06-29,Delivered
9649,1007,2024-01-18,Delivered
9650,2481,2024-03-05,Delivered
9651,255,2025-04-20,Pending
9652,322,2024-07-26,Delivered
9653,1442,2024-03-19,Delivered
9654,2336,2024-01-20,Pending
9655,1003,2024-01-23,Delivered
9656,192,2025-02-14,Delivered
9657,2903,2024-03-12,Cancelled
9658,2792,2025-03-14,Delivered
9659,1928,2024-11-01,Delivered
9660,2041,2024-04-26,Delivered
9661,2766,2025-05-06,Delivered
9662,1903,2024-09-24,Cancelled
9663,2332,2024-08-03,Delivered
9664,1392,2025-01-01,Delivered
9665,664,2024-12-25,Delivered
9666,2463,2025-02-09,Cancelled
9667,2055,2024-12-01,Delivered
9668,844,2025-06-13,Delivered
9669,1829,2024-08-15,Delivered
9670,2420,2024-04-19,Delivered
9671,787,2024-03-10,Delivered
9672,2263,2024-05-14,Delivered
9673,202,2025-02-26,Delivered
9674,1839,2025-04-11,Delivered
9675,2996,2024-06-08,Delivered
9676,2565,2024-02-23,Delivered
9677,2592,2025-01-28,Delivered
9678,2035,2025-03-05,Delivered
9679,1376,2024-01-31,Delivered
9680,2022,2024-03-13,Delivered
9681,949,2024-07-02,Delivered
9682,1649,2024-09-10,Delivered
9683,1615,2024-03-01,Delivered
9684,1626,2024-11-19,Delivered
9685,1245,2024-09-28,Pending
9686,1053,2025-02-23,Delivered
9687,981,2025-06-04,Delivered
9688,650,2024-03-03,Cancelled
9689,1308,2024-09-03,Delivered
9690,326,2025-03-25,Delivered
9691,2675,2024-01-06,Delivered
9692,192,2025-04-09,Cancelled
9693,2483,2024-08-04,Delivered
9694,709,2025-03-09,Delivered
9695,2525,2024-11-24,Delivered
9696,2162,2025-05-26,Delivered
9697,2722,2024-03-23,Cancelled
9698,2579,2025-04-21,Pending
9699,2111,2024-11-05,Delivered
9700,410,2025-02-23,Delivered
9701,1637,2025-02-26,Delivered
9702,1014,2024-11-12,Delivered
9703,2620,2024-09-04,Delivered
9704,2582,2025-03-17,Delivered
9705,924,2024-10-03,Delivered
9706,1994,2025-06-16,Delivered
9707,1008,2024-12-30,Delivered
9708,2025,2024-12-13,Cancelled
9709,1801,2024-11-14,Delivered
9710,1535,2024-05-12,Delivered
9711,2598,2025-02-12,Delivered
9712,717,2024-05-15,Delivered
9713,2357,2024-12-01,Delivered
9714,2071,2025-03-10,Delivered
9715,822,2024-09-03,Delivered
9716,1273,2025-06-24,Delivered
9717,192,2024-03-30,Pending
9718,1749,2024-04-24,Pending
9719,2626,2024-06-14,Delivered
9720,326,2025-06-13,Delivered
9721,367,2024-10-18,Delivered
9722,1427,2024-05-26,Delivered
9723,822,2025-06-11,Delivered
9724,799,2024-08-13,Delivered
9725,1886,2024-05-25,Delivered
9726,1239,2025-05-10,Pending
9727,2509,2024-03-25,Delivered
9728,1279,2025-06-09,Delivered
9729,1801,2024-01-25,Cancelled
9730,1197,2024-11-05,Delivered
9731,739,2024-11-13,Delivered
9732,1415,2025-06-02,Delivered
9733,2163,2025-05-22,Delivered
9734,2842,2025-04-04,Delivered
9735,113,2025-05-15,Delivered
9736,1597,2025-04-18,Delivered
9737,1866,2024-10-07,Delivered
9738,248,2025-04-19,Delivered
9739,2453,2025-02-25,Delivered
9740,796,2024-07-29,Delivered
9741,2589,2025-04-25,Delivered
9742,1648,2024-01-17,Pending
9743,411,2024-02-26,Cancelled
9744,2213,2024-03-30,Delivered
9745,428,2024-10-19,Cancelled
9746,2162,2024-02-10,Cancelled
9747,2383,2024-05-02,Delivered
9748,1702,2024-05-12,Delivered
9749,787,2024-05-12,Cancelled
9750,1304,2024-01-31,Delivered
9751,1586,2024-05-02,Delivered
9752,1972,2024-05-31,Pending
9753,1864,2025-02-18,Cancelled
9754,1207,2024-11-17,Delivered
9755,2229,2024-06-20,Delivered
9756,2278,2024-03-18,Cancelled
9757,2090,2024-10-07,Delivered
9758,787,2024-06-21,Delivered
9759,1410,2025-01-15,Cancelled
9760,1293,2024-05-02,Delivered
9761,2420,2025-06-28,Delivered
9762,2382,2024-02-21,Delivered
9763,2565,2025-03-31,Delivered
9764,673,2025-01-04,Delivered
9765,2229,2025-01-02,Delivered
9766,2579,2025-05-02,Cancelled
9767,465,2024-09-03,Delivered
9768,105,2025-01-25,Delivered
9769,294,2024-10-15,Delivered
9770,1783,2025-01-08,Delivered
9771,1273,2024-10-28,Delivered
9772,561,2025-06-20,Pending
9773,1589,2024-06-25,Delivered
9774,2328,2025-02-03,Delivered
9775,2529,2024-03-31,Delivered
9776,2229,2024-01-26,Delivered
9777,2617,2025-01-19,Delivered
9778,1778,2024-04-29,Delivered
9779,2481,2024-01-09,Delivered
9780,1260,2024-12-14,Delivered
9781,2524,2024-11-30,Delivered
9782,2665,2024-12-14,Delivered
9783,2060,2024-09-04,Delivered
9784,1285,2025-03-30,Delivered
9785,823,2024-01-08,Delivered
9786,963,2024-03-27,Cancelled
9787,369,2024-07-24,Delivered
9788,125,2025-06-19,Delivered
9789,1252,2025-01-28,Delivered
9790,113,2024-10-08,Delivered
9791,2599,2025-06-02,Delivered
9792,1920,2025-05-17,Delivered
9793,2506,2024-02-27,Delivered
9794,1325,2024-10-16,Delivered
9795,646,2025-06-03,Delivered
9796,847,2024-04-12,Delivered
9797,2529,2024-03-27,Delivered
9798,333,2024-07-10,Delivered
9799,2097,2025-06-13,Delivered
9800,653,2024-04-30,Delivered
9801,1053,2024-12-12,Delivered
9802,2,2024-05-24,Delivered
9803,1439,2025-02-06,Delivered
9804,354,2025-05-01,Delivered
9805,2542,2024-01-23,Delivered
9806,274,2024-07-25,Delivered
9807,734,2024-11-12,Delivered
9808,31,2024-04-09,Delivered
9809,2970,2024-12-12,Delivered
9810,1895,2024-07-18,Pending
9811,1903,2024-01-20,Delivered
9812,1561,2024-12-03,Pending
9813,2568,2024-01-21,Delivered
9814,392,2024-04-19,Delivered
9815,2344,2024-03-30,Delivered
9816,2380,2024-01-28,Delivered
9817,95,2024-08-12,Delivered
9818,369,2025-04-21,Delivered
9819,1633,2024-06-15,Delivered
9820,255,2024-05-10,Delivered
9821,826,2025-03-16,Delivered
9822,1218,2025-05-26,Delivered
9823,428,2024-06-13,Delivered
9824,2119,2024-01-26,Delivered
9825,1491,2025-02-19,Delivered
9826,1891,2024-12-21,Delivered
9827,1426,2025-06-28,Delivered
9828,1246,2024-12-29,Delivered
9829,1482,2025-05-22,Delivered
9830,2667,2024-03-26,Delivered
9831,1191,2024-03-31,Delivered
9832,1899,2024-12-29,Delivered
9833,2468,2025-02-12,Delivered
9834,1818,2024-07-30,Delivered
9835,655,2024-08-23,Delivered
9836,333,2024-07-27,Pending
9837,1735,2024-01-27,Delivered
9838,2180,2025-04-24,Delivered
9839,2264,2025-05-10,Delivered
9840,2083,2025-06-04,Delivered
9841,2,2024-10-02,Delivered
9842,2285,2024-04-02,Delivered
9843,1778,2024-08-08,Delivered
9844,2959,2025-01-08,Delivered
9845,2252,2024-04-04,Delivered
9846,1283,2024-03-25,Delivered
9847,2019,2025-06-25,Delivered
9848,1801,2024-01-20,Delivered
9849,1006,2024-11-22,Delivered
9850,1603,2024-03-22,Delivered
9851,592,2024-01-12,Delivered
9852,253,2024-12-12,Delivered
9853,2190,2024-04-10,Delivered
9854,1147,2025-01-31,Delivered
9855,2229,2025-03-26,Delivered
9856,1466,2024-10-03,Delivered
9857,2392,2024-04-01,Delivered
9858,2213,2025-06-03,Cancelled
9859,2252,2024-07-22,Delivered
9860,1281,2025-02-21,Cancelled
9861,2881,2024-04-15,Delivered
9862,1223,2024-03-29,Cancelled
9863,2346,2025-01-03,Delivered
9864,1468,2024-04-23,Cancelled
9865,683,2024-10-17,Delivered
9866,1852,2024-11-21,Delivered
9867,1410,2024-03-07,Pending
9868,767,2024-06-30,Pending
9869,1142,2024-04-15,Delivered
9870,440,2024-01-01,Delivered
9871,2954,2025-06-02,Pending
9872,1902,2024-01-14,Delivered
9873,490,2025-03-28,Delivered
9874,2252,2024-08-10,Delivered
9875,1774,2024-05-31,Delivered
9876,2167,2024-10-12,Delivered
9877,1716,2025-05-15,Delivered
9878,175,2024-12-22,Delivered
9879,589,2024-02-13,Delivered
9880,2264,2025-02-20,Delivered
9881,2229,2025-02-20,Delivered
9882,2229,2025-06-12,Delivered
9883,31,2024-04-20,Delivered
9884,2377,2025-04-03,Delivered
9885,1309,2024-07-21,Delivered
9886,2083,2024-07-13,Delivered
9887,787,2024-12-11,Cancelled
9888,2271,2024-10-18,Delivered
9889,2943,2024-05-05,Delivered
9890,738,2024-04-27,Delivered
9891,2321,2024-12-21,Delivered
9892,1779,2025-06-12,Delivered
9893,790,2024-05-05,Cancelled
9894,860,2024-10-19,Delivered
9895,2187,2024-06-16,Delivered
9896,831,2024-05-16,Delivered
9897,128,2025-03-10,Delivered
9898,2586,2025-01-30,Delivered
9899,1725,2024-09-18,Delivered
9900,2229,2024-09-23,Delivered
9901,1778,2024-08-20,Delivered
9902,1554,2025-06-28,Delivered
9903,2274,2025-05-31,Delivered
9904,89,2024-02-10,Delivered
9905,916,2025-03-21,Delivered
9906,1849,2024-07-02,Delivered
9907,2818,2024-12-22,Delivered
9908,1179,2025-05-29,Delivered
9909,2923,2024-08-18,Delivered
9910,2229,2024-09-08,Delivered
9911,1458,2024-12-07,Delivered
9912,1280,2024-06-19,Pending
9913,358,2024-05-23,Delivered
9914,1801,2024-11-26,Delivered
9915,143,2024-04-23,Delivered
9916,1280,2024-12-28,Delivered
9917,691,2024-05-16,Delivered
9918,2861,2024-02-20,Cancelled
9919,1092,2024-02-25,Delivered
9920,1468,2024-05-21,Pending
9921,1122,2024-02-25,Delivered
9922,376,2024-06-17,Delivered
9923,1052,2024-08-16,Delivered
9924,2308,2024-05-14,Delivered
9925,1818,2024-10-18,Cancelled
9926,1305,2024-07-28,Delivered
9927,2436,2024-02-13,Delivered
9928,5,2024-07-01,Delivered
9929,2453,2024-01-07,Delivered
9930,168,2025-02-03,Delivered
9931,2579,2024-08-29,Cancelled
9932,2830,2024-11-23,Delivered
9933,2428,2024-03-18,Cancelled
9934,36,2024-08-22,Delivered
9935,1581,2025-03-17,Delivered
9936,2453,2024-04-19,Delivered
9937,1628,2025-06-21,Delivered
9938,1080,2024-08-17,Cancelled
9939,1412,2024-03-15,Delivered
9940,234,2024-04-08,Delivered
9941,1491,2024-09-09,Cancelled
9942,65,2025-06-03,Delivered
9943,1905,2024-09-14,Delivered
9944,1170,2024-04-04,Delivered
9945,553,2024-07-30,Delivered
9946,36,2025-04-13,Delivered
9947,2730,2025-06-21,Delivered
9948,1659,2024-12-02,Delivered
9949,1915,2025-04-17,Delivered
9950,2308,2025-03-18,Delivered
9951,1848,2024-08-19,Delivered
9952,1247,2025-04-30,Delivered
9953,1850,2024-02-11,Delivered
9954,738,2025-03-14,Delivered
9955,1668,2024-11-13,Delivered
9956,595,2024-11-17,Delivered
9957,2715,2025-05-25,Pending
9958,1533,2024-05-25,Delivered
9959,681,2024-04-17,Delivered
9960,1891,2024-12-26,Delivered
9961,255,2025-02-08,Delivered
9962,1295,2024-01-03,Delivered
9963,2565,2024-09-29,Delivered
9964,2263,2024-07-25,Delivered
9965,2119,2025-03-23,Pending
9966,1412,2025-04-13,Delivered
9967,1333,2024-03-16,Delivered
9968,23,2024-11-12,Cancelled
9969,1761,2025-01-29,Cancelled
9970,1702,2024-05-22,Delivered
9971,7,2025-05-24,Delivered
9972,376,2025-05-02,Delivered
9973,26,2024-04-04,Delivered
9974,738,2024-01-09,Delivered
9975,2,2024-11-11,Delivered
9976,1261,2025-04-27,Delivered
9977,1430,2025-01-07,Delivered
9978,1302,2025-02-18,Delivered
9979,571,2025-01-28,Delivered
9980,1579,2024-03-20,Delivered
9981,2411,2024-02-06,Delivered
9982,849,2024-02-04,Delivered
9983,916,2025-06-21,Delivered
9984,1625,2025-06-03,Delivered
9985,681,2025-03-31,Delivered
9986,1008,2024-02-06,Delivered
9987,1350,2025-04-30,Delivered
9988,1152,2025-06-15,Delivered
9989,2427,2025-03-04,Cancelled
9990,2515,2024-08-17,Delivered
9991,1216,2024-02-20,Delivered
9992,1335,2024-07-12,Delivered
9993,2862,2024-04-21,Delivered
9994,1513,2024-12-20,Cancelled
9995,2970,2025-04-27,Delivered
9996,2244,2024-09-27,Delivered
9997,767,2024-01-27,Delivered
9998,669,2024-07-31,Delivered
9999,436,2025-03-12,Delivered
10000,2378,2024-12-15,Delivered
10001,898,2024-01-23,Delivered
10002,2018,2024-07-10,Delivered
10003,1616,2024-07-11,Delivered
10004,2450,2024-01-19,Delivered
10005,2229,2024-07-09,Delivered
10006,178,2025-03-26,Delivered
10007,1008,2024-03-12,Delivered
10008,1564,2024-10-07,Delivered
10009,2375,2024-12-24,Delivered
10010,2145,2025-01-09,Cancelled
10011,1637,2024-06-29,Delivered
10012,2383,2024-11-10,Delivered
10013,1297,2025-01-29,Delivered
10014,152,2024-12-01,Delivered
10015,2579,2025-04-02,Delivered
10016,1581,2024-04-29,Delivered
10017,2383,2024-02-28,Delivered
10018,1172,2025-05-25,Delivered
10019,1725,2025-02-04,Delivered
10020,982,2024-09-01,Delivered
10021,1237,2024-11-07,Delivered
10022,398,2025-05-17,Delivered
10023,2214,2025-04-18,Delivered
10024,818,2025-03-16,Delivered
10025,887,2024-11-18,Delivered
10026,1059,2025-01-28,Delivered
10027,1291,2024-11-12,Delivered
10028,1702,2024-09-08,Delivered
10029,2045,2025-01-02,Delivered
10030,2017,2024-01-13,Delivered
10031,1273,2025-03-27,Cancelled
10032,1453,2024-06-21,Delivered
10033,380,2024-10-24,Pending
10034,1569,2024-12-29,Delivered
10035,2598,2024-06-27,Delivered
10036,1374,2024-06-29,Delivered
10037,2785,2024-04-06,Cancelled
10038,424,2024-02-24,Delivered
10039,2205,2025-04-26,Delivered
10040,2127,2024-10-09,Delivered
10041,2041,2025-01-05,Delivered
10042,1963,2024-03-25,Delivered
10043,48,2025-04-10,Delivered
10044,2216,2024-06-16,Delivered
10045,1503,2024-09-08,Delivered
10046,1579,2024-10-01,Delivered
10047,138,2025-02-10,Delivered
10048,541,2024-03-04,Delivered
10049,2696,2025-05-10,Delivered
10050,926,2024-03-02,Delivered
10051,1180,2024-12-13,Delivered
10052,543,2024-04-24,Delivered
10053,1857,2025-05-19,Delivered
10054,2213,2024-11-19,Delivered
10055,2725,2025-05-31,Delivered
10056,1669,2025-05-24,Cancelled
10057,796,2024-05-26,Cancelled
10058,197,2024-05-10,Delivered
10059,771,2024-03-02,Delivered
10060,1810,2025-01-28,Delivered
10061,2922,2024-01-14,Pending
10062,227,2024-04-13,Delivered
10063,1161,2025-05-11,Delivered
10064,1978,2024-12-12,Delivered
10065,1701,2024-09-03,Delivered
10066,1928,2024-03-16,Delivered
10067,1389,2025-04-06,Delivered
10068,775,2025-04-06,Delivered
10069,1453,2024-01-26,Cancelled
10070,1138,2025-02-09,Delivered
10071,2130,2024-06-28,Delivered
10072,483,2025-01-06,Pending
10073,1491,2024-06-09,Delivered
10074,2872,2024-01-09,Cancelled
10075,1597,2025-02-15,Delivered
10076,689,2025-04-01,Delivered
10077,2777,2025-01-08,Delivered
10078,714,2024-03-23,Pending
10079,2229,2024-09-02,Delivered
10080,309,2024-10-18,Delivered
10081,2523,2025-03-09,Pending
10082,520,2025-02-28,Delivered
10083,1182,2025-04-29,Delivered
10084,2898,2024-12-10,Delivered
10085,1705,2025-05-28,Delivered
10086,767,2025-03-23,Delivered
10087,2,2024-04-19,Delivered
10088,11,2025-01-22,Delivered
10089,793,2024-02-16,Delivered
10090,1582,2025-02-16,Delivered
10091,1458,2024-04-30,Delivered
10092,2727,2024-06-12,Delivered
10093,2252,2024-11-09,Delivered
10094,2738,2024-07-25,Delivered
10095,1540,2024-12-19,Delivered
10096,1333,2024-09-30,Delivered
10097,1674,2024-12-13,Delivered
10098,1112,2024-11-16,Delivered
10099,606,2024-04-22,Delivered
10100,2480,2025-01-12,Delivered
10101,2035,2025-06-07,Cancelled
10102,964,2024-10-30,Delivered
10103,1333,2024-11-27,Delivered
10104,652,2025-01-22,Delivered
10105,1672,2024-02-16,Delivered
10106,1071,2024-03-23,Delivered
10107,2591,2024-10-31,Delivered
10108,1589,2024-08-03,Delivered
10109,1245,2025-01-12,Delivered
10110,2229,2025-05-13,Delivered
10111,2686,2025-03-03,Pending
10112,2423,2024-04-28,Cancelled
10113,1491,2024-06-16,Delivered
10114,1067,2024-03-19,Delivered
10115,1959,2024-02-23,Delivered
10116,2420,2025-02-10,Delivered
10117,2934,2025-01-12,Delivered
10118,1367,2024-04-16,Pending
10119,1984,2025-01-19,Pending
10120,859,2024-09-06,Delivered
10121,252,2025-04-23,Delivered
10122,738,2025-01-23,Delivered
10123,31,2024-05-27,Delivered
10124,1533,2024-09-21,Delivered
10125,1115,2024-05-07,Delivered
10126,2026,2025-05-07,Delivered
10127,1801,2024-10-07,Delivered
10128,465,2025-04-24,Delivered
10129,2007,2024-10-06,Delivered
10130,538,2024-10-01,Delivered
10131,9,2024-04-10,Cancelled
10132,2911,2025-06-08,Delivered
10133,65,2025-01-02,Delivered
10134,1016,2024-06-08,Delivered
10135,1878,2025-04-03,Delivered
10136,1106,2024-05-07,Delivered
10137,1138,2024-02-22,Delivered
10138,2168,2024-12-31,Delivered
10139,1775,2025-02-12,Delivered
10140,1560,2024-11-08,Delivered
10141,2621,2025-01-24,Delivered
10142,305,2024-05-17,Delivered
10143,1411,2024-05-31,Delivered
10144,698,2024-07-21,Delivered
10145,99,2024-04-23,Delivered
10146,2937,2024-05-07,Delivered
10147,2194,2024-01-26,Delivered
10148,625,2024-05-09,Delivered
10149,1214,2024-10-25,Delivered
10150,655,2024-07-19,Delivered
10151,2055,2024-08-22,Pending
10152,1046,2025-05-19,Delivered
10153,2719,2024-01-04,Delivered
10154,597,2025-03-31,Delivered
10155,1044,2024-01-19,Delivered
10156,2762,2024-10-06,Pending
10157,2613,2024-03-12,Delivered
10158,860,2024-09-17,Delivered
10159,1454,2025-05-03,Delivered
10160,2611,2024-01-18,Delivered
10161,1991,2024-10-03,Pending
10162,1875,2024-09-09,Cancelled
10163,1959,2024-09-03,Cancelled
10164,2722,2024-12-06,Delivered
10165,1557,2024-06-27,Delivered
10166,520,2025-03-01,Delivered
10167,1421,2024-05-10,Delivered
10168,2181,2024-07-13,Delivered
10169,1482,2024-09-12,Delivered
10170,919,2025-05-16,Delivered
10171,1974,2024-10-18,Cancelled
10172,1341,2025-04-03,Delivered
10173,2886,2024-03-17,Delivered
10174,1051,2024-02-14,Delivered
10175,2152,2024-09-30,Delivered
10176,1655,2025-05-08,Cancelled
10177,222,2024-05-07,Delivered
10178,1411,2024-05-01,Delivered
10179,74,2024-03-21,Delivered
10180,2333,2025-05-19,Cancelled
10181,2196,2024-02-20,Cancelled
10182,137,2024-12-10,Delivered
10183,1503,2024-07-26,Delivered
10184,2881,2024-08-12,Delivered
10185,831,2025-01-23,Delivered
10186,2682,2024-08-26,Delivered
10187,408,2024-01-13,Delivered
10188,10,2024-11-03,Delivered
10189,1594,2024-01-15,Delivered
10190,699,2025-04-05,Delivered
10191,2598,2025-05-31,Delivered
10192,2007,2025-04-01,Delivered
10193,2062,2024-08-13,Delivered
10194,2003,2024-08-14,Delivered
10195,2028,2024-11-15,Delivered
10196,2229,2025-04-08,Delivered
10197,1991,2025-02-15,Delivered
10198,2469,2024-09-14,Delivered
10199,1663,2025-03-19,Delivered
10200,1046,2024-08-15,Delivered
10201,1402,2025-02-24,Cancelled
10202,1313,2024-05-12,Delivered
10203,988,2024-09-04,Delivered
10204,1255,2025-03-28,Delivered
10205,1148,2024-05-14,Delivered
10206,313,2024-12-04,Delivered
10207,2457,2024-06-02,Pending
10208,2229,2024-08-23,Delivered
10209,1007,2024-06-26,Delivered
10210,2822,2024-12-27,Cancelled
10211,2834,2025-02-16,Pending
10212,2533,2025-04-15,Delivered
10213,76,2024-07-13,Delivered
10214,1109,2024-04-18,Delivered
10215,1368,2025-05-23,Delivered
10216,2158,2024-08-02,Delivered
10217,1864,2024-12-22,Delivered
10218,2026,2024-07-26,Delivered
10219,2260,2025-03-31,Delivered
10220,2832,2024-02-11,Delivered
10221,1642,2024-01-22,Delivered
10222,2681,2024-07-01,Delivered
10223,2416,2024-08-14,Pending
10224,1008,2025-02-19,Delivered
10225,2410,2024-09-13,Cancelled
10226,323,2024-05-18,Pending
10227,434,2024-02-11,Delivered
10228,2969,2025-03-18,Delivered
10229,1279,2024-10-04,Delivered
10230,1374,2025-06-05,Delivered
10231,2836,2024-06-29,Delivered
10232,1086,2024-05-02,Delivered
10233,686,2024-05-28,Pending
10234,222,2024-08-11,Delivered
10235,1574,2024-03-18,Delivered
10236,573,2024-03-12,Delivered
10237,185,2025-03-08,Delivered
10238,2407,2025-01-12,Delivered
10239,973,2024-09-30,Delivered
10240,1705,2024-09-20,Delivered
10241,294,2024-09-28,Delivered
10242,1521,2024-11-17,Delivered
10243,1857,2024-06-05,Delivered
10244,1339,2025-03-01,Delivered
10245,1006,2024-01-05,Delivered
10246,915,2025-02-27,Delivered
10247,309,2025-03-09,Delivered
10248,319,2024-10-08,Delivered
10249,1491,2024-06-10,Delivered
10250,378,2025-04-26,Delivered
10251,646,2025-03-22,Delivered
10252,465,2025-05-23,Delivered
10253,2375,2024-01-09,Delivered
10254,1339,2024-12-10,Delivered
10255,1647,2024-01-04,Delivered
10256,1713,2024-01-21,Delivered
10257,1192,2024-02-04,Delivered
10258,875,2025-02-27,Delivered
10259,1141,2025-02-01,Delivered
10260,1605,2025-05-01,Delivered
10261,1072,2024-12-12,Pending
10262,376,2024-10-30,Delivered
10263,2707,2024-04-09,Delivered
10264,2189,2025-01-17,Delivered
10265,190,2025-05-12,Delivered
10266,2688,2024-07-13,Delivered
10267,478,2025-01-15,Cancelled
10268,274,2024-10-01,Delivered
10269,489,2024-10-11,Pending
10270,2766,2025-03-11,Delivered
10271,638,2024-06-07,Delivered
10272,2330,2025-04-23,Delivered
10273,1902,2025-06-21,Delivered
10274,1559,2024-03-03,Delivered
10275,1099,2024-10-06,Delivered
10276,265,2024-01-10,Delivered
10277,2134,2024-07-03,Delivered
10278,1185,2024-07-22,Pending
10279,1605,2024-12-28,Delivered
10280,143,2024-08-01,Delivered
10281,2297,2024-07-16,Delivered
10282,2079,2025-02-26,Delivered
10283,1592,2025-02-18,Delivered
10284,1491,2024-01-05,Delivered
10285,1005,2024-07-03,Delivered
10286,1018,2025-02-21,Delivered
10287,192,2024-02-26,Delivered
10288,2062,2024-10-19,Delivered
10289,118,2024-09-25,Delivered
10290,2,2025-01-16,Delivered
10291,84,2025-01-04,Delivered
10292,591,2024-10-05,Delivered
10293,1689,2024-08-13,Delivered
10294,2039,2025-03-07,Delivered
10295,1269,2024-07-27,Delivered
10296,1232,2024-08-26,Cancelled
10297,1702,2024-08-17,Delivered
10298,1748,2024-07-07,Delivered
10299,2510,2024-12-09,Delivered
10300,2428,2024-12-13,Delivered
10301,2449,2025-05-06,Delivered
10302,2506,2024-08-30,Delivered
10303,2598,2025-02-18,Delivered
10304,1656,2024-06-14,Delivered
10305,1744,2025-06-09,Delivered
10306,2179,2025-05-13,Delivered
10307,569,2024-11-18,Delivered
10308,1081,2025-01-29,Delivered
10309,2703,2024-11-12,Delivered
10310,1576,2024-04-17,Pending
10311,143,2025-05-28,Delivered
10312,1223,2025-02-08,Cancelled
10313,444,2024-08-17,Pending
10314,1066,2024-05-17,Delivered
10315,1628,2024-12-31,Delivered
10316,1521,2024-08-23,Cancelled
10317,1476,2025-03-28,Delivered
10318,36,2024-04-28,Delivered
10319,1330,2024-10-11,Cancelled
10320,74,2024-03-02,Delivered
10321,1222,2025-01-24,Delivered
10322,1915,2024-08-05,Delivered
10323,342,2024-04-15,Cancelled
10324,2715,2024-10-30,Delivered
10325,1856,2024-11-07,Cancelled
10326,629,2024-06-13,Delivered
10327,1182,2025-05-27,Delivered
10328,271,2024-02-10,Delivered
10329,48,2024-06-30,Delivered
10330,2713,2024-05-16,Delivered
10331,2016,2025-05-20,Delivered
10332,2309,2024-05-14,Delivered
10333,1824,2024-04-30,Delivered
10334,2692,2024-11-18,Delivered
10335,2665,2024-05-22,Delivered
10336,163,2024-06-03,Cancelled
10337,544,2024-05-13,Delivered
10338,1187,2024-10-18,Delivered
10339,1014,2025-02-12,Delivered
10340,1581,2024-09-13,Pending
10341,772,2025-04-30,Delivered
10342,2357,2024-05-25,Delivered
10343,14,2025-04-06,Delivered
10344,2341,2025-02-08,Delivered
10345,1177,2024-02-10,Delivered
10346,7,2024-12-30,Delivered
10347,2513,2025-06-26,Delivered
10348,1333,2025-01-06,Cancelled
10349,2175,2024-05-20,Pending
10350,2598,2024-08-24,Delivered
10351,93,2025-04-19,Delivered
10352,758,2024-06-21,Delivered
10353,330,2024-09-16,Delivered
10354,275,2024-11-18,Delivered
10355,2824,2025-03-27,Pending
10356,2378,2025-06-07,Delivered
10357,1098,2025-01-19,Delivered
10358,2062,2024-08-24,Delivered
10359,2717,2024-08-12,Delivered
10360,638,2024-12-29,Delivered
10361,31,2024-02-10,Delivered
10362,2450,2024-08-29,Delivered
10363,2167,2024-07-13,Delivered
10364,442,2025-05-24,Delivered
10365,1468,2025-04-12,Delivered
10366,442,2024-05-24,Delivered
10367,1775,2024-12-23,Delivered
10368,1916,2024-09-07,Delivered
10369,799,2025-03-29,Delivered
10370,2312,2024-09-26,Delivered
10371,1422,2024-12-16,Delivered
10372,2119,2025-02-01,Delivered
10373,1891,2025-03-25,Delivered
10374,1343,2025-01-28,Delivered
10375,858,2024-06-11,Delivered
10376,592,2025-02-07,Cancelled
10377,2228,2024-06-21,Delivered
10378,1899,2025-02-04,Delivered
10379,822,2025-06-02,Pending
10380,2900,2024-09-13,Delivered
10381,2394,2025-05-02,Delivered
10382,345,2024-03-25,Delivered
10383,455,2024-08-20,Delivered
10384,1626,2025-04-20,Delivered
10385,291,2025-02-02,Delivered
10386,2892,2024-06-26,Delivered
10387,1882,2024-09-30,Delivered
10388,190,2024-03-01,Delivered
10389,1322,2025-03-21,Delivered
10390,641,2024-03-11,Cancelled
10391,1476,2024-11-04,Cancelled
10392,722,2024-09-27,Cancelled
10393,2460,2024-12-03,Delivered
10394,2164,2024-08-20,Pending
10395,2692,2024-02-16,Delivered
10396,567,2024-12-28,Delivered
10397,1149,2025-05-03,Delivered
10398,2378,2024-11-30,Delivered
10399,1117,2024-01-24,Delivered
10400,1131,2024-02-28,Delivered
10401,2951,2024-05-29,Delivered
10402,2275,2024-06-11,Delivered
10403,2542,2024-03-07,Delivered
10404,1225,2025-05-04,Delivered
10405,1716,2025-02-06,Delivered
10406,1343,2025-02-22,Delivered
10407,1341,2025-06-09,Delivered
10408,351,2025-04-20,Delivered
10409,2501,2024-04-03,Delivered
10410,1170,2024-01-13,Delivered
10411,1709,2025-02-02,Delivered
10412,2533,2025-05-13,Delivered
10413,2281,2025-01-17,Delivered
10414,567,2025-04-15,Cancelled
10415,1810,2024-11-28,Delivered
10416,1491,2024-09-03,Delivered
10417,756,2024-03-12,Delivered
10418,105,2025-01-02,Delivered
10419,1852,2024-06-08,Delivered
10420,2311,2024-05-28,Delivered
10421,2807,2025-04-23,Delivered
10422,1060,2024-12-25,Delivered
10423,1203,2024-08-30,Delivered
10424,456,2025-03-12,Delivered
10425,2947,2025-02-04,Delivered
10426,2519,2024-09-21,Delivered
10427,2867,2025-06-17,Delivered
10428,1491,2024-01-16,Delivered
10429,602,2024-09-26,Delivered
10430,1695,2024-08-15,Delivered
10431,1112,2024-03-07,Delivered
10432,1034,2025-01-30,Delivered
10433,240,2024-02-24,Delivered
10434,208,2025-01-19,Delivered
10435,1130,2025-02-15,Delivered
10436,2747,2024-09-22,Delivered
10437,2169,2024-05-13,Delivered
10438,2232,2025-06-22,Delivered
10439,682,2025-01-20,Delivered
10440,2196,2024-03-04,Delivered
10441,1224,2025-02-06,Delivered
10442,168,2024-03-27,Delivered
10443,1186,2024-12-06,Delivered
10444,363,2024-05-21,Delivered
10445,2526,2024-12-12,Cancelled
10446,2493,2025-03-14,Cancelled
10447,837,2025-03-03,Delivered
10448,1801,2025-02-20,Cancelled
10449,1094,2025-01-21,Delivered
10450,420,2025-02-25,Delivered
10451,1919,2025-05-07,Delivered
10452,2231,2025-04-25,Delivered
10453,2291,2025-02-25,Delivered
10454,400,2024-08-29,Delivered
10455,1543,2024-06-09,Delivered
10456,54,2024-06-22,Delivered
10457,255,2024-11-30,Delivered
10458,236,2024-11-23,Delivered
10459,158,2024-08-21,Delivered
10460,995,2024-08-11,Delivered
10461,1070,2025-01-30,Delivered
10462,2096,2024-10-13,Delivered
10463,980,2024-01-11,Pending
10464,380,2024-03-17,Delivered
10465,2827,2024-06-29,Delivered
10466,2591,2024-08-04,Delivered
10467,339,2025-02-03,Delivered
10468,1089,2024-09-15,Delivered
10469,465,2024-08-20,Delivered
10470,2873,2024-02-17,Delivered
10471,1063,2024-02-03,Delivered
10472,276,2025-06-26,Delivered
10473,2179,2025-04-15,Pending
10474,2138,2024-01-21,Delivered
10475,709,2024-09-04,Delivered
10476,951,2025-05-17,Delivered
10477,1253,2025-01-23,Delivered
10478,779,2024-02-13,Cancelled
10479,844,2024-08-22,Delivered
10480,2374,2025-04-14,Delivered
10481,2229,2024-06-12,Delivered
10482,2079,2024-10-26,Pending
10483,2062,2024-06-25,Delivered
10484,1570,2024-04-17,Delivered
10485,1047,2025-04-14,Delivered
10486,2164,2024-05-06,Delivered
10487,320,2024-11-14,Cancelled
10488,381,2024-07-10,Delivered
10489,343,2024-11-30,Delivered
10490,2190,2025-03-09,Delivered
10491,1737,2024-10-28,Delivered
10492,1340,2024-03-21,Delivered
10493,1430,2024-06-05,Delivered
10494,2453,2024-05-12,Pending
10495,333,2025-01-11,Delivered
10496,1145,2025-01-13,Delivered
10497,2231,2024-03-19,Delivered
10498,1945,2024-12-01,Delivered
10499,1297,2024-09-10,Delivered
10500,649,2024-08-17,Delivered
10501,2825,2025-04-13,Delivered
10502,1231,2024-02-03,Delivered
10503,2598,2025-01-31,Delivered
10504,2303,2024-10-31,Delivered
10505,2542,2024-05-21,Delivered
10506,35,2024-05-05,Delivered
10507,1434,2024-03-30,Delivered
10508,750,2024-11-30,Delivered
10509,792,2024-12-23,Delivered
10510,787,2024-05-29,Delivered
10511,1164,2024-07-27,Delivered
10512,1240,2025-06-19,Delivered
10513,1864,2025-01-19,Delivered
10514,881,2024-11-18,Delivered
10515,789,2024-03-06,Delivered
10516,1081,2024-11-07,Delivered
10517,2060,2024-08-02,Delivered
10518,2,2025-04-01,Delivered
10519,2229,2024-04-14,Delivered
10520,1010,2025-06-26,Delivered
10521,1702,2025-05-29,Delivered
10522,2238,2025-03-01,Delivered
10523,1535,2024-09-30,Delivered
10524,1915,2024-11-20,Delivered
10525,2719,2025-05-09,Delivered
10526,78,2025-04-16,Delivered
10527,1040,2025-03-17,Delivered
10528,2748,2024-04-08,Delivered
10529,2483,2024-08-10,Delivered
10530,1803,2025-02-21,Delivered
10531,670,2024-03-08,Delivered
10532,982,2025-01-06,Delivered
10533,2538,2024-07-14,Delivered
10534,2097,2024-11-03,Delivered
10535,831,2025-05-16,Delivered
10536,367,2025-04-18,Delivered
10537,2312,2024-07-19,Delivered
10538,1702,2025-01-22,Delivered
10539,2888,2024-01-06,Delivered
10540,1224,2025-01-26,Delivered
10541,1038,2024-03-16,Delivered
10542,847,2025-05-11,Delivered
10543,1453,2024-06-11,Delivered
10544,956,2025-01-16,Delivered
10545,208,2024-12-29,Delivered
10546,916,2024-05-19,Delivered
10547,633,2025-04-02,Delivered
10548,2418,2024-04-10,Delivered
10549,683,2025-05-06,Delivered
10550,1373,2024-10-07,Delivered
10551,1999,2024-09-11,Delivered
10552,400,2024-05-08,Delivered
10553,1595,2024-01-05,Delivered
10554,2513,2025-01-17,Cancelled
10555,1716,2025-02-03,Delivered
10556,1453,2025-04-05,Cancelled
10557,2485,2025-06-10,Pending
10558,2828,2024-06-08,Cancelled
10559,2436,2024-11-05,Delivered
10560,1232,2025-05-13,Delivered
10561,1800,2024-11-05,Delivered
10562,1581,2025-02-11,Delivered
10563,892,2025-01-24,Pending
10564,1297,2025-06-23,Delivered
10565,2453,2024-07-04,Delivered
10566,882,2024-04-18,Delivered
10567,2636,2025-05-14,Delivered
10568,2967,2024-09-09,Delivered
10569,898,2024-04-15,Delivered
10570,335,2024-12-15,Delivered
10571,2864,2025-04-09,Delivered
10572,480,2025-02-20,Delivered
10573,2278,2024-07-02,Delivered
10574,103,2025-05-12,Delivered
10575,683,2024-01-22,Delivered
10576,756,2025-05-01,Delivered
10577,872,2024-04-10,Delivered
10578,2716,2024-05-08,Delivered
10579,499,2024-06-20,Cancelled
10580,490,2024-08-18,Delivered
10581,2077,2024-01-27,Cancelled
10582,2842,2025-01-27,Delivered
10583,1164,2024-03-12,Delivered
10584,2281,2024-03-13,Delivered
10585,84,2024-01-03,Delivered
10586,2450,2025-06-07,Delivered
10587,2171,2024-01-27,Delivered
10588,2667,2025-02-11,Cancelled
10589,1877,2024-12-12,Delivered
10590,2805,2025-03-28,Cancelled
10591,1166,2024-09-02,Delivered
10592,2190,2025-05-10,Delivered
10593,2175,2024-09-14,Delivered
10594,781,2024-04-07,Delivered
10595,2719,2025-05-07,Pending
10596,2308,2024-08-18,Delivered
10597,2565,2024-01-04,Delivered
10598,1089,2024-12-21,Delivered
10599,2496,2024-06-24,Delivered
10600,926,2025-03-25,Delivered
10601,2892,2024-03-24,Delivered
10602,54,2025-02-06,Delivered
10603,1812,2025-03-29,Delivered
10604,313,2024-03-07,Delivered
10605,2158,2024-11-15,Delivered
10606,1094,2024-12-18,Delivered
10607,2579,2025-05-18,Delivered
10608,2582,2024-06-09,Delivered
10609,1104,2024-09-22,Delivered
10610,2394,2024-08-09,Delivered
10611,2039,2024-07-23,Delivered
10612,1277,2025-06-26,Delivered
10613,1022,2024-12-24,Delivered
10614,603,2024-03-26,Delivered
10615,178,2025-04-16,Delivered
10616,1557,2024-02-26,Delivered
10617,1615,2025-04-23,Delivered
10618,1323,2024-08-11,Delivered
10619,2834,2025-01-04,Delivered
10620,31,2025-04-16,Delivered
10621,2522,2025-04-20,Delivered
10622,2373,2024-03-29,Delivered
10623,2229,2024-08-09,Delivered
10624,1581,2024-02-13,Cancelled
10625,547,2024-12-17,Delivered
10626,2550,2024-08-16,Delivered
10627,2224,2025-06-29,Cancelled
10628,2463,2024-12-11,Delivered
10629,683,2024-08-27,Delivered
10630,1654,2024-03-25,Delivered
10631,1258,2024-06-05,Delivered
10632,1891,2025-03-15,Delivered
10633,2229,2024-03-19,Delivered
10634,491,2025-04-06,Delivered
10635,493,2024-11-24,Delivered
10636,118,2024-10-12,Delivered
10637,428,2024-09-17,Delivered
10638,705,2024-01-17,Delivered
10639,203,2024-05-03,Cancelled
10640,1063,2024-10-08,Cancelled
10641,2016,2024-09-21,Delivered
10642,2346,2024-04-26,Delivered
10643,1027,2025-03-14,Delivered
10644,244,2024-08-31,Delivered
10645,2230,2024-07-30,Delivered
10646,1172,2025-02-18,Delivered
10647,736,2024-03-22,Delivered
10648,1412,2024-01-30,Cancelled
10649,2911,2024-06-25,Delivered
10650,1113,2024-01-01,Cancelled
10651,2876,2024-07-21,Delivered
10652,738,2024-03-13,Delivered
10653,294,2024-12-26,Delivered
10654,428,2024-01-25,Delivered
10655,2284,2024-04-22,Pending
10656,1613,2024-05-22,Delivered
10657,1710,2024-11-21,Delivered
10658,2902,2024-08-08,Delivered
10659,1518,2025-02-23,Delivered
10660,323,2025-03-01,Delivered
10661,2157,2024-07-29,Delivered
10662,597,2024-01-17,Delivered
10663,1709,2025-06-08,Delivered
10664,2529,2024-07-10,Delivered
10665,1434,2024-10-20,Delivered
10666,924,2025-05-22,Pending
10667,1702,2024-12-22,Delivered
10668,346,2024-11-10,Pending
10669,901,2024-07-04,Delivered
10670,1517,2025-03-27,Delivered
10671,738,2024-04-16,Pending
10672,103,2024-09-20,Delivered
10673,1716,2024-07-10,Cancelled
10674,1209,2024-02-23,Delivered
10675,1170,2024-05-31,Delivered
10676,2985,2024-04-12,Delivered
10677,313,2024-02-19,Delivered
10678,420,2025-02-17,Delivered
10679,2594,2025-01-23,Delivered
10680,360,2025-04-16,Delivered
10681,2715,2024-01-17,Delivered
10682,1995,2024-09-12,Pending
10683,1587,2024-12-26,Delivered
10684,808,2024-09-25,Delivered
10685,1079,2024-01-15,Delivered
10686,2450,2024-09-02,Cancelled
10687,161,2024-03-08,Cancelled
10688,2264,2024-01-11,Cancelled
10689,2453,2025-02-03,Delivered
10690,2119,2024-02-22,Delivered
10691,149,2024-06-12,Delivered
10692,2219,2025-06-25,Delivered
10693,2170,2025-06-01,Delivered
10694,30,2024-01-23,Delivered
10695,2649,2024-08-06,Delivered
10696,367,2024-07-09,Delivered
10697,2880,2024-12-05,Delivered
10698,195,2025-01-12,Delivered
10699,693,2024-02-11,Delivered
10700,2073,2024-08-19,Delivered
10701,376,2024-06-01,Delivered
10702,534,2025-06-20,Delivered
10703,23,2024-06-08,Delivered
10704,2452,2024-01-18,Cancelled
10705,99,2024-12-06,Delivered
10706,1858,2025-04-22,Delivered
10707,1711,2025-03-24,Pending
10708,1537,2024-03-14,Delivered
10709,1120,2025-02-09,Delivered
10710,878,2024-04-21,Pending
10711,2862,2024-03-19,Delivered
10712,2328,2024-10-15,Delivered
10713,2733,2025-03-15,Delivered
10714,2193,2025-04-20,Delivered
10715,2453,2024-12-03,Delivered
10716,2892,2024-08-14,Delivered
10717,1354,2024-11-15,Delivered
10718,2692,2024-06-09,Delivered
10719,116,2024-03-14,Delivered
10720,303,2024-08-07,Delivered
10721,1475,2024-04-02,Delivered
10722,1355,2024-02-21,Delivered
10723,1308,2025-02-12,Delivered
10724,1612,2025-04-02,Delivered
10725,1613,2025-02-13,Delivered
10726,2579,2025-05-14,Delivered
10727,1027,2024-09-21,Delivered
10728,930,2025-01-03,Delivered
10729,2113,2024-04-20,Delivered
10730,1917,2024-08-30,Delivered
10731,2453,2024-02-24,Cancelled
10732,909,2024-12-01,Delivered
10733,10,2024-08-26,Delivered
10734,2818,2024-10-28,Delivered
10735,118,2025-04-11,Delivered
10736,2033,2024-01-29,Delivered
10737,953,2024-08-31,Delivered
10738,1273,2024-08-03,Delivered
10739,2483,2025-02-08,Delivered
10740,1265,2024-12-24,Delivered
10741,393,2025-01-28,Delivered
10742,2229,2025-04-07,Delivered
10743,41,2024-06-11,Pending
10744,794,2024-07-14,Delivered
10745,1613,2024-07-08,Cancelled
10746,1307,2025-03-23,Delivered
10747,1817,2024-09-10,Delivered
10748,1138,2025-02-17,Delivered
10749,1170,2024-05-13,Delivered
10750,1037,2025-05-22,Pending
10751,2623,2024-09-21,Delivered
10752,36,2025-06-24,Cancelled
10753,2795,2024-08-31,Delivered
10754,1071,2024-01-23,Delivered
10755,1098,2024-05-23,Delivered
10756,2175,2024-08-26,Pending
10757,1161,2024-03-13,Delivered
10758,1801,2025-02-26,Delivered
10759,2679,2024-07-09,Delivered
10760,2512,2025-03-25,Cancelled
10761,1552,2025-06-10,Pending
10762,2151,2024-02-15,Delivered
10763,1175,2024-06-01,Delivered
10764,2297,2024-11-27,Delivered
10765,476,2025-04-17,Delivered
10766,118,2025-05-05,Delivered
10767,1616,2024-04-16,Delivered
10768,624,2024-05-03,Delivered
10769,2181,2024-04-18,Delivered
10770,290,2024-07-08,Delivered
10771,18,2024-11-29,Delivered
10772,2017,2024-08-03,Delivered
10773,1504,2025-01-31,Delivered
10774,2841,2024-08-03,Delivered
10775,722,2024-11-17,Pending
10776,337,2024-11-02,Delivered
10777,54,2024-05-18,Delivered
10778,1325,2024-02-03,Delivered
10779,289,2024-04-30,Delivered
10780,2296,2025-03-01,Delivered
10781,202,2025-02-11,Delivered
10782,2720,2024-03-08,Delivered
10783,1617,2024-07-28,Delivered
10784,2090,2025-03-20,Delivered
10785,363,2025-03-16,Delivered
10786,255,2024-01-10,Delivered
10787,1057,2025-03-05,Delivered
10788,1565,2025-03-05,Delivered
10789,1702,2024-03-04,Pending
10790,979,2024-07-12,Cancelled
10791,788,2024-01-30,Cancelled
10792,2941,2024-12-24,Delivered
10793,788,2025-04-15,Delivered
10794,376,2024-04-07,Delivered
10795,1079,2024-07-11,Delivered
10796,892,2024-10-20,Delivered
10797,1273,2024-02-09,Delivered
10798,1833,2024-06-12,Delivered
10799,1777,2024-04-28,Delivered
10800,2097,2024-01-03,Delivered
10801,427,2024-12-30,Delivered
10802,119,2025-01-30,Cancelled
10803,2338,2024-02-14,Delivered
10804,628,2024-03-12,Delivered
10805,927,2024-02-08,Delivered
10806,1361,2025-05-28,Delivered
10807,2149,2024-11-06,Delivered
10808,459,2024-10-23,Delivered
10809,2675,2024-02-17,Delivered
10810,951,2024-01-01,Delivered
10811,2943,2025-05-21,Delivered
10812,831,2025-05-30,Delivered
10813,2175,2024-10-24,Cancelled
10814,1125,2024-03-13,Delivered
10815,2480,2024-01-17,Delivered
10816,1384,2025-03-31,Delivered
10817,2579,2024-10-15,Delivered
10818,2229,2024-06-28,Cancelled
10819,1717,2024-01-07,Delivered
10820,732,2024-11-06,Cancelled
10821,753,2025-04-24,Delivered
10822,2967,2025-04-01,Delivered
10823,2743,2025-02-03,Delivered
10824,376,2024-01-28,Delivered
10825,592,2025-02-17,Cancelled
10826,299,2025-01-06,Delivered
10827,580,2025-04-03,Pending
10828,847,2024-03-22,Delivered
10829,2483,2025-04-15,Delivered
10830,269,2025-01-26,Pending
10831,2606,2025-02-21,Delivered
10832,2918,2024-03-28,Delivered
10833,823,2025-04-12,Delivered
10834,1361,2024-01-12,Delivered
10835,1592,2024-05-01,Delivered
10836,595,2024-03-25,Delivered
10837,2187,2024-05-06,Pending
10838,1708,2024-12-07,Cancelled
10839,313,2025-05-20,Cancelled
10840,2665,2025-06-22,Delivered
10841,889,2024-02-29,Delivered
10842,425,2025-06-13,Delivered
10843,2941,2024-02-29,Delivered
10844,291,2025-02-11,Delivered
10845,170,2024-04-10,Delivered
10846,690,2025-03-26,Delivered
10847,941,2024-07-09,Delivered
10848,1295,2025-04-22,Delivered
10849,2058,2024-10-22,Delivered
10850,1099,2024-10-15,Delivered
10851,1664,2024-08-28,Cancelled
10852,9,2024-05-04,Delivered
10853,1148,2024-10-08,Delivered
10854,2822,2024-12-26,Delivered
10855,2291,2024-03-17,Delivered
10856,2213,2024-03-18,Delivered
10857,894,2024-08-21,Delivered
10858,1464,2025-03-30,Delivered
10859,2508,2024-07-11,Delivered
10860,2598,2024-08-13,Delivered
10861,2134,2025-06-07,Delivered
10862,1362,2024-05-25,Cancelled
10863,208,2024-07-19,Delivered
10864,331,2025-04-05,Delivered
10865,2,2024-10-09,Pending
10866,1076,2024-03-01,Delivered
10867,54,2024-04-27,Delivered
10868,1297,2025-06-16,Delivered
10869,1749,2025-03-18,Delivered
10870,1745,2025-06-02,Delivered
10871,1656,2024-09-19,Cancelled
10872,656,2024-11-28,Delivered
10873,1564,2024-03-16,Delivered
10874,2939,2025-01-23,Delivered
10875,1326,2024-11-06,Delivered
10876,2586,2024-01-21,Delivered
10877,1138,2025-04-07,Delivered
10878,1829,2024-08-26,Delivered
10879,1453,2025-06-26,Delivered
10880,2067,2025-04-28,Delivered
10881,2667,2024-08-17,Delivered
10882,1317,2024-01-07,Cancelled
10883,2229,2024-03-21,Delivered
10884,2607,2024-06-07,Delivered
10885,2333,2024-06-11,Delivered
10886,55,2024-07-12,Pending
10887,2,2025-06-05,Delivered
10888,2608,2025-01-03,Delivered
10889,2182,2024-04-14,Delivered
10890,2871,2025-01-19,Delivered
10891,856,2024-01-31,Delivered
10892,2332,2024-02-05,Delivered
10893,2374,2024-12-17,Delivered
10894,2533,2024-04-28,Delivered
10895,2078,2024-08-26,Delivered
10896,376,2025-03-26,Delivered
10897,2037,2024-07-31,Delivered
10898,1778,2024-04-14,Delivered
10899,994,2025-06-29,Delivered
10900,597,2024-06-05,Delivered
10901,2616,2024-12-25,Delivered
10902,385,2024-03-29,Delivered
10903,1273,2024-03-29,Delivered
10904,1826,2025-02-15,Delivered
10905,2918,2025-05-05,Delivered
10906,1991,2024-01-15,Delivered
10907,895,2025-06-16,Delivered
10908,175,2024-06-13,Delivered
10909,933,2025-06-22,Pending
10910,858,2024-10-17,Cancelled
10911,2428,2025-02-22,Delivered
10912,1125,2024-01-04,Delivered
10913,279,2024-03-27,Delivered
10914,2579,2025-06-04,Delivered
10915,36,2024-03-31,Delivered
10916,2,2025-04-19,Delivered
10917,1427,2024-03-05,Delivered
10918,192,2024-12-19,Cancelled
10919,507,2024-07-22,Delivered
10920,2950,2024-08-27,Pending
10921,2507,2025-01-23,Cancelled
10922,2251,2024-03-25,Delivered
10923,1991,2024-07-06,Delivered
10924,128,2024-10-29,Cancelled
10925,2475,2024-07-15,Delivered
10926,1415,2024-05-10,Delivered
10927,278,2024-01-25,Delivered
10928,883,2024-12-14,Delivered
10929,1506,2024-02-03,Delivered
10930,31,2024-03-20,Delivered
10931,738,2024-05-09,Delivered
10932,1003,2025-01-26,Delivered
10933,1394,2024-03-07,Delivered
10934,2,2024-06-25,Delivered
10935,1673,2024-02-10,Delivered
10936,565,2024-10-01,Cancelled
10937,1749,2024-04-08,Delivered
10938,699,2024-03-29,Delivered
10939,1216,2024-06-23,Delivered
10940,1833,2024-05-19,Delivered
10941,1941,2024-01-27,Cancelled
10942,81,2024-09-02,Delivered
10943,1605,2024-10-01,Cancelled
10944,2420,2024-09-07,Delivered
10945,596,2024-08-29,Cancelled
10946,1598,2025-06-29,Delivered
10947,1335,2024-05-30,Delivered
10948,2522,2024-07-02,Pending
10949,1308,2024-10-05,Delivered
10950,2818,2024-02-16,Delivered
10951,1930,2025-06-23,Delivered
10952,1668,2024-10-13,Delivered
10953,853,2025-01-15,Cancelled
10954,1747,2024-06-24,Delivered
10955,363,2025-01-12,Delivered
10956,1258,2025-04-24,Delivered
10957,831,2024-11-11,Delivered
10958,1991,2024-04-24,Delivered
10959,2251,2025-01-08,Delivered
10960,2749,2025-04-12,Delivered
10961,641,2025-01-13,Delivered
10962,2614,2024-12-28,Delivered
10963,2512,2024-09-10,Delivered
10964,2546,2024-04-12,Cancelled
10965,2213,2025-01-27,Delivered
10966,779,2024-08-09,Delivered
10967,2598,2024-05-05,Delivered
10968,1759,2024-09-25,Cancelled
10969,2213,2024-01-13,Delivered
10970,595,2024-10-11,Pending
10971,428,2024-10-25,Delivered
10972,799,2024-08-04,Delivered
10973,1537,2025-01-19,Delivered
10974,1258,2024-11-15,Pending
10975,2625,2024-07-18,Delivered
10976,29,2025-01-26,Delivered
10977,231,2024-03-04,Cancelled
10978,963,2024-10-03,Delivered
10979,465,2024-03-17,Delivered
10980,1225,2024-11-24,Delivered
10981,2153,2024-01-10,Pending
10982,2971,2025-04-14,Delivered
10983,584,2024-01-18,Delivered
10984,770,2024-09-28,Delivered
10985,2264,2024-12-29,Delivered
10986,787,2024-08-15,Delivered
10987,2119,2024-04-27,Delivered
10988,1714,2024-05-15,Delivered
10989,2529,2025-04-05,Delivered
10990,92,2024-03-12,Delivered
10991,2939,2025-01-23,Delivered
10992,2892,2024-06-08,Pending
10993,48,2024-01-07,Delivered
10994,1503,2024-08-09,Cancelled
10995,1210,2024-02-21,Delivered
10996,738,2025-02-21,Cancelled
10997,2932,2025-02-23,Delivered
10998,494,2024-04-28,Delivered
10999,763,2025-02-26,Cancelled
11000,17,2025-01-18,Delivered
11001,1708,2025-01-04,Pending
11002,2542,2024-02-13,Cancelled
11003,1822,2024-03-10,Delivered
11004,1928,2024-03-27,Delivered
11005,190,2025-03-22,Delivered
11006,2146,2024-06-27,Cancelled
11007,1233,2024-10-16,Cancelled
11008,1424,2024-09-13,Delivered
11009,1716,2025-06-29,Delivered
11010,2924,2024-04-08,Delivered
11011,2229,2025-02-28,Delivered
11012,2051,2024-03-02,Delivered
11013,1288,2025-06-17,Pending
11014,93,2024-11-04,Delivered
11015,1614,2024-05-23,Delivered
11016,1959,2024-08-12,Delivered
11017,2119,2025-02-01,Delivered
11018,1791,2024-08-15,Delivered
11019,881,2024-02-06,Delivered
11020,638,2024-06-17,Delivered
11021,255,2025-05-14,Delivered
11022,2117,2024-07-21,Delivered
11023,2913,2024-09-24,Delivered
11024,1581,2024-04-10,Delivered
11025,2001,2024-01-15,Delivered
11026,2079,2024-05-27,Delivered
11027,447,2025-04-19,Delivered
11028,554,2024-10-23,Delivered
11029,597,2024-07-24,Delivered
11030,2766,2024-10-12,Delivered
11031,31,2025-03-19,Delivered
11032,1619,2025-05-09,Delivered
11033,1126,2024-06-22,Delivered
11034,1952,2025-03-30,Delivered
11035,637,2025-03-13,Delivered
11036,2881,2024-01-04,Delivered
11037,982,2025-05-03,Delivered
11038,2745,2024-05-05,Delivered
11039,1726,2025-02-22,Delivered
11040,1252,2025-04-29,Delivered
11041,2193,2024-11-09,Delivered
11042,1650,2024-06-20,Delivered
11043,376,2025-04-11,Delivered
11044,2119,2024-09-17,Delivered
11045,1706,2025-02-23,Delivered
11046,1673,2025-01-03,Delivered
11047,2209,2024-06-24,Delivered
11048,1930,2024-10-23,Delivered
11049,1100,2024-04-19,Delivered
11050,937,2024-01-03,Pending
11051,735,2025-01-11,Delivered
11052,1702,2024-04-22,Delivered
11053,879,2024-10-10,Delivered
11054,333,2024-02-24,Delivered
11055,2315,2024-12-23,Delivered
11056,600,2024-04-01,Delivered
11057,465,2024-05-15,Delivered
11058,2515,2024-03-21,Delivered
11059,2114,2025-05-15,Delivered
11060,2256,2024-12-06,Delivered
11061,1046,2024-12-29,Delivered
11062,1804,2024-08-09,Delivered
11063,2763,2025-04-13,Delivered
11064,829,2024-02-06,Delivered
11065,192,2024-08-13,Cancelled
11066,479,2024-02-14,Delivered
11067,2667,2025-01-15,Delivered
11068,823,2025-06-02,Delivered
11069,1478,2025-02-22,Delivered
11070,1604,2024-03-25,Delivered
11071,2877,2025-03-06,Delivered
11072,884,2024-05-18,Delivered
11073,1568,2024-07-09,Cancelled
11074,2871,2024-11-09,Delivered
11075,580,2024-09-04,Delivered
11076,1750,2024-04-12,Cancelled
11077,178,2024-10-16,Delivered
11078,761,2024-04-17,Delivered
11079,192,2025-01-27,Delivered
11080,980,2024-02-09,Cancelled
11081,596,2025-03-18,Cancelled
11082,2359,2025-06-19,Delivered
11083,1390,2025-02-11,Delivered
11084,1223,2024-11-26,Delivered
11085,2079,2024-08-28,Delivered
11086,2828,2024-10-16,Cancelled
11087,886,2024-10-06,Delivered
11088,191,2025-04-30,Delivered
11089,309,2024-03-10,Delivered
11090,2533,2024-11-20,Cancelled
11091,2512,2024-10-27,Delivered
11092,1427,2024-05-23,Delivered
11093,398,2024-08-13,Delivered
11094,1581,2024-09-14,Delivered
11095,1984,2024-01-19,Pending
11096,988,2024-09-17,Delivered
11097,241,2024-04-03,Delivered
11098,953,2024-08-05,Cancelled
11099,2075,2024-05-31,Delivered
11100,2932,2025-02-15,Delivered
11101,547,2025-06-08,Cancelled
11102,2709,2024-02-29,Pending
11103,1363,2024-05-20,Delivered
11104,1963,2024-03-27,Delivered
11105,2555,2024-09-20,Delivered
11106,1661,2024-07-22,Delivered
11107,177,2024-09-05,Delivered
11108,770,2024-02-08,Delivered
11109,2375,2025-04-20,Delivered
11110,1649,2025-06-23,Delivered
11111,975,2025-05-12,Delivered
11112,1713,2024-09-27,Delivered
11113,781,2024-12-30,Delivered
11114,709,2024-01-28,Delivered
11115,2453,2024-11-29,Delivered
11116,1207,2024-11-27,Delivered
11117,792,2025-02-05,Cancelled
11118,1235,2025-03-02,Delivered
11119,2719,2024-01-01,Delivered
11120,520,2024-08-10,Delivered
11121,534,2024-09-22,Pending
11122,1059,2024-09-19,Delivered
11123,175,2024-10-26,Pending
11124,215,2025-01-17,Delivered
11125,22,2024-11-16,Delivered
11126,397,2024-05-07,Delivered
11127,1893,2024-12-28,Delivered
11128,562,2024-11-22,Delivered
11129,1127,2024-04-19,Delivered
11130,2119,2024-12-10,Delivered
11131,86,2024-10-11,Delivered
11132,599,2025-03-15,Delivered
11133,2979,2024-08-01,Delivered
11134,1748,2025-05-01,Delivered
11135,1957,2024-10-19,Delivered
11136,1553,2025-05-28,Delivered
11137,2898,2024-02-25,Pending
11138,393,2024-03-09,Delivered
11139,192,2024-04-29,Delivered
11140,2420,2025-03-21,Delivered
11141,3,2024-10-03,Delivered
11142,1669,2025-01-03,Delivered
11143,2,2024-01-11,Delivered
11144,1036,2024-07-21,Delivered
11145,1926,2024-07-11,Delivered
11146,1634,2025-05-18,Delivered
11147,1666,2024-02-27,Delivered
11148,428,2025-04-14,Delivered
11149,861,2024-07-20,Delivered
11150,2132,2025-02-26,Delivered
11151,54,2024-06-07,Delivered
11152,1744,2024-02-01,Delivered
11153,1557,2025-01-05,Delivered
11154,1022,2024-04-06,Cancelled
11155,999,2024-03-21,Pending
11156,2364,2025-05-16,Delivered
11157,1138,2024-05-03,Cancelled
11158,229,2025-06-20,Delivered
11159,2885,2024-07-09,Delivered
11160,360,2024-05-31,Delivered
11161,2357,2024-09-05,Delivered
11162,31,2024-05-31,Delivered
11163,1096,2025-05-21,Cancelled
11164,1552,2024-11-29,Delivered
11165,78,2025-02-09,Delivered
11166,2195,2024-02-11,Delivered
11167,757,2024-05-10,Delivered
11168,1619,2024-11-21,Delivered
11169,2343,2024-09-22,Delivered
11170,1736,2025-06-12,Delivered
11171,1360,2025-01-29,Delivered
11172,1003,2024-06-11,Delivered
11173,118,2024-09-04,Delivered
11174,2705,2025-02-09,Delivered
11175,1737,2024-08-11,Delivered
11176,1857,2024-10-13,Delivered
11177,1314,2025-03-12,Delivered
11178,1113,2024-06-05,Cancelled
11179,122,2024-02-24,Cancelled
11180,469,2024-08-13,Delivered
11181,1273,2024-04-29,Delivered
11182,709,2024-10-27,Delivered
11183,118,2025-04-10,Delivered
11184,1631,2025-02-19,Delivered
11185,1394,2025-02-02,Delivered
11186,1272,2024-10-22,Delivered
11187,2322,2025-04-29,Delivered
11188,1759,2025-05-20,Delivered
11189,2,2025-02-17,Delivered
11190,2238,2024-03-04,Delivered
11191,1453,2024-06-11,Cancelled
11192,1556,2025-06-06,Delivered
11193,2636,2024-02-09,Delivered
11194,308,2024-10-27,Delivered
11195,1758,2024-12-14,Delivered
11196,826,2024-08-01,Delivered
11197,98,2025-01-19,Delivered
11198,1304,2024-02-11,Pending
11199,831,2024-04-29,Delivered
11200,2,2024-06-10,Delivered
11201,1487,2024-04-03,Delivered
11202,915,2024-08-27,Delivered
11203,1296,2024-09-12,Delivered
11204,24,2025-05-26,Delivered
11205,1210,2024-09-22,Delivered
11206,1412,2025-02-17,Delivered
11207,1399,2024-02-18,Cancelled
11208,2151,2024-02-02,Delivered
11209,2967,2024-08-03,Delivered
11210,65,2024-06-28,Delivered
11211,1191,2025-05-19,Delivered
11212,2533,2024-09-25,Delivered
11213,1844,2024-09-23,Pending
11214,2945,2025-04-09,Delivered
11215,2142,2025-04-17,Delivered
11216,2173,2025-02-27,Delivered
11217,217,2024-08-27,Delivered
11218,795,2024-04-28,Cancelled
11219,1716,2024-01-20,Delivered
11220,1572,2024-01-28,Delivered
11221,2242,2025-03-21,Delivered
11222,2972,2024-03-13,Cancelled
11223,597,2024-08-14,Delivered
11224,1279,2024-10-01,Delivered
11225,2565,2024-10-30,Delivered
11226,2483,2024-02-19,Delivered
11227,2422,2024-10-12,Pending
11228,1817,2024-05-16,Delivered
11229,2970,2024-07-05,Delivered
11230,1070,2025-03-24,Cancelled
11231,319,2024-09-08,Pending
11232,369,2024-08-07,Delivered
11233,1297,2024-01-09,Delivered
11234,2377,2025-06-27,Pending
11235,1352,2024-11-20,Delivered
11236,1799,2025-02-16,Delivered
11237,1070,2024-08-24,Delivered
11238,2146,2024-05-24,Delivered
11239,414,2024-05-29,Delivered
11240,1564,2024-01-05,Delivered
11241,534,2025-04-30,Delivered
11242,1408,2024-10-14,Cancelled
11243,1284,2024-07-11,Delivered
11244,1778,2025-01-20,Delivered
11245,1533,2024-03-11,Delivered
11246,2926,2024-09-13,Delivered
11247,2670,2024-08-26,Delivered
11248,860,2025-05-09,Delivered
11249,333,2025-03-11,Delivered
11250,184,2025-02-23,Delivered
11251,567,2024-05-21,Delivered
11252,641,2024-10-11,Delivered
11253,2632,2025-06-19,Delivered
11254,2740,2024-01-11,Delivered
11255,673,2024-12-21,Delivered
11256,2229,2024-07-03,Delivered
11257,2474,2025-02-08,Delivered
11258,1127,2024-09-26,Delivered
11259,2581,2025-01-17,Delivered
11260,2961,2024-05-16,Delivered
11261,2903,2025-04-26,Delivered
11262,2216,2025-04-02,Delivered
11263,1111,2024-12-14,Delivered
11264,659,2024-08-19,Delivered
11265,2970,2024-03-23,Pending
11266,797,2024-04-21,Delivered
11267,1308,2024-08-05,Delivered
11268,767,2025-03-01,Delivered
11269,1491,2025-05-31,Delivered
11270,313,2024-11-28,Delivered
11271,2388,2025-05-27,Delivered
11272,1521,2024-04-17,Delivered
11273,1265,2025-02-09,Delivered
11274,1091,2024-10-17,Delivered
11275,1708,2024-03-17,Delivered
11276,2311,2025-01-14,Delivered
11277,2676,2025-05-08,Delivered
11278,2497,2024-09-01,Delivered
11279,1330,2024-05-19,Delivered
11280,2468,2024-06-14,Delivered
11281,1590,2024-11-24,Delivered
11282,1882,2025-01-11,Delivered
11283,2013,2024-04-28,Delivered
11284,1206,2025-01-10,Delivered
11285,1461,2025-02-11,Delivered
11286,2079,2024-01-10,Delivered
11287,903,2024-07-28,Delivered
11288,2229,2024-05-07,Delivered
11289,1059,2025-03-09,Delivered
11290,1716,2024-12-18,Delivered
11291,2483,2024-10-18,Delivered
11292,54,2024-05-02,Pending
11293,705,2024-09-19,Cancelled
11294,1668,2025-06-09,Pending
11295,297,2025-06-27,Delivered
11296,595,2024-03-29,Pending
11297,2229,2024-09-21,Delivered
11298,61,2025-02-12,Delivered
11299,1798,2024-06-11,Delivered
11300,92,2025-06-29,Delivered
11301,319,2024-09-11,Delivered
11302,1170,2024-07-08,Delivered
11303,2893,2025-05-29,Pending
11304,1631,2024-11-25,Delivered
11305,916,2024-02-04,Delivered
11306,1243,2024-02-27,Delivered
11307,1684,2025-06-19,Delivered
11308,1813,2024-12-05,Delivered
11309,780,2025-04-19,Delivered
11310,564,2025-06-23,Delivered
11311,1491,2025-02-10,Cancelled
11312,1909,2025-06-15,Delivered
11313,2420,2025-06-05,Delivered
11314,1738,2024-08-12,Delivered
11315,2079,2024-12-14,Delivered
11316,1454,2025-03-24,Pending
11317,1675,2025-06-01,Cancelled
11318,1865,2025-03-27,Delivered
11319,684,2025-03-16,Delivered
11320,2767,2024-06-27,Pending
11321,1023,2024-08-22,Delivered
11322,1778,2025-03-25,Delivered
11323,1668,2024-03-10,Cancelled
11324,2525,2024-03-29,Delivered
11325,313,2025-03-06,Delivered
11326,2613,2025-06-18,Delivered
11327,376,2024-08-16,Cancelled
11328,393,2025-04-16,Cancelled
11329,2545,2024-07-13,Cancelled
11330,748,2024-10-05,Delivered
11331,1801,2025-06-15,Delivered
11332,1392,2024-07-29,Delivered
11333,2768,2025-04-27,Delivered
11334,2313,2025-05-31,Delivered
11335,999,2025-02-07,Delivered
11336,2409,2024-02-08,Delivered
11337,653,2025-06-08,Delivered
11338,1801,2024-09-29,Cancelled
11339,2229,2024-06-07,Delivered
11340,2118,2024-09-22,Delivered
11341,1941,2024-08-28,Delivered
11342,2453,2024-07-27,Delivered
11343,1659,2025-01-04,Delivered
11344,2749,2024-03-02,Cancelled
11345,395,2024-12-11,Delivered
11346,1063,2024-05-17,Delivered
11347,2317,2025-03-08,Delivered
11348,904,2025-06-20,Delivered
11349,1321,2024-09-15,Delivered
11350,2281,2025-03-17,Delivered
11351,1614,2024-06-24,Delivered
11352,538,2025-04-02,Delivered
11353,497,2024-10-18,Delivered
11354,884,2024-10-05,Delivered
11355,892,2024-02-25,Delivered
11356,376,2024-12-27,Delivered
11357,2469,2025-03-07,Delivered
11358,828,2024-10-02,Delivered
11359,2375,2024-03-28,Delivered
11360,2919,2025-01-04,Delivered
11361,988,2024-12-07,Delivered
11362,2912,2025-04-16,Delivered
11363,553,2025-06-05,Delivered
11364,1916,2024-05-12,Pending
11365,2967,2024-06-08,Delivered
11366,2383,2025-06-03,Delivered
11367,671,2024-03-05,Delivered
11368,749,2025-05-13,Delivered
11369,758,2024-03-25,Delivered
11370,2814,2024-08-16,Delivered
11371,717,2024-03-16,Delivered
11372,1533,2025-06-17,Delivered
11373,1044,2024-09-30,Delivered
11374,1085,2025-04-26,Delivered
11375,1232,2024-01-18,Delivered
11376,1023,2024-01-22,Delivered
11377,1761,2024-10-17,Delivered
11378,1273,2024-01-23,Delivered
11379,1317,2024-10-23,Delivered
11380,1521,2025-01-21,Delivered
11381,1065,2024-09-23,Delivered
11382,2229,2025-03-03,Delivered
11383,1516,2024-02-25,Delivered
11384,1533,2024-05-15,Delivered
11385,603,2024-03-28,Delivered
11386,84,2024-09-29,Delivered
11387,2390,2024-08-04,Delivered
11388,2529,2024-10-21,Delivered
11389,709,2024-03-24,Delivered
11390,1081,2024-08-31,Delivered
11391,1070,2025-02-21,Pending
11392,2053,2024-02-07,Cancelled
11393,538,2025-03-05,Delivered
11394,2934,2024-04-29,Delivered
11395,178,2025-04-19,Delivered
11396,2921,2025-03-20,Delivered
11397,192,2024-09-01,Delivered
11398,932,2024-02-09,Delivered
11399,734,2024-07-29,Delivered
11400,752,2024-12-05,Delivered
11401,2976,2024-07-04,Delivered
11402,1373,2024-12-12,Delivered
11403,331,2025-03-25,Cancelled
11404,2943,2025-06-06,Delivered
11405,709,2024-08-05,Delivered
11406,203,2025-06-23,Delivered
11407,54,2024-05-15,Delivered
11408,1389,2025-05-30,Delivered
11409,2715,2024-03-18,Delivered
11410,35,2024-10-22,Delivered
11411,2175,2025-01-02,Delivered
11412,756,2024-01-23,Delivered
11413,633,2024-08-30,Delivered
11414,2119,2024-05-31,Cancelled
11415,2229,2025-03-21,Cancelled
11416,1663,2024-09-16,Delivered
11417,585,2024-02-26,Delivered
11418,10,2024-01-22,Delivered
11419,2206,2024-01-13,Delivered
11420,1759,2024-01-21,Delivered
11421,1273,2024-09-21,Delivered
11422,614,2024-06-25,Delivered
11423,2238,2024-04-23,Delivered
11424,196,2024-07-30,Delivered
11425,1900,2024-08-26,Delivered
11426,2067,2024-11-13,Delivered
11427,646,2024-09-28,Delivered
11428,1454,2025-05-24,Pending
11429,1564,2024-07-23,Pending
11430,1736,2024-08-01,Delivered
11431,2673,2024-08-12,Delivered
11432,1631,2024-01-27,Delivered
11433,192,2025-02-13,Delivered
11434,1023,2024-10-21,Delivered
11435,1852,2024-08-05,Delivered
11436,989,2024-07-14,Delivered
11437,2263,2024-10-10,Delivered
11438,547,2025-05-07,Delivered
11439,391,2024-08-05,Delivered
11440,673,2024-08-23,Delivered
11441,2594,2024-03-13,Cancelled
11442,2037,2024-06-24,Delivered
11443,1564,2025-02-13,Delivered
11444,881,2025-01-30,Delivered
11445,2716,2025-03-15,Delivered
11446,2632,2024-09-26,Delivered
11447,1203,2025-05-06,Cancelled
11448,2229,2024-10-30,Cancelled
11449,2706,2024-03-12,Cancelled
11450,919,2024-03-24,Delivered
11451,973,2024-09-27,Delivered
11452,1631,2024-07-23,Pending
11453,1232,2024-02-28,Delivered
11454,2238,2024-01-26,Delivered
11455,1610,2024-12-03,Delivered
11456,609,2025-02-16,Delivered
11457,1067,2024-04-30,Delivered
11458,1993,2024-05-14,Delivered
11459,145,2024-10-18,Cancelled
11460,1018,2024-03-06,Delivered
11461,31,2025-04-02,Cancelled
11462,2436,2024-11-17,Delivered
11463,323,2024-07-16,Delivered
11464,219,2024-11-12,Delivered
11465,2329,2024-03-29,Delivered
11466,255,2024-06-21,Delivered
11467,2053,2024-10-17,Delivered
11468,1134,2025-06-09,Delivered
11469,2440,2025-04-05,Delivered
11470,524,2024-12-12,Delivered
11471,245,2024-07-02,Cancelled
11472,664,2025-05-20,Delivered
11473,2763,2024-03-11,Delivered
11474,2453,2024-06-13,Delivered
11475,831,2024-08-22,Delivered
11476,595,2024-10-28,Cancelled
11477,427,2025-01-03,Cancelled
11478,638,2024-08-13,Delivered
11479,594,2025-05-29,Delivered
11480,2629,2024-08-13,Cancelled
11481,39,2024-12-09,Delivered
11482,2598,2024-01-27,Delivered
11483,109,2024-03-26,Delivered
11484,2453,2024-04-29,Delivered
11485,1273,2024-01-01,Delivered
11486,219,2025-04-19,Delivered
11487,2364,2024-12-07,Delivered
11488,744,2025-04-09,Delivered
11489,2598,2024-06-30,Delivered
11490,2229,2024-02-27,Delivered
11491,2941,2024-06-28,Cancelled
11492,2460,2024-01-10,Delivered
11493,708,2024-06-14,Delivered
11494,1235,2024-02-25,Delivered
11495,2090,2024-04-26,Delivered
11496,928,2024-12-14,Delivered
11497,1631,2025-06-09,Delivered
11498,690,2024-05-10,Delivered
11499,1963,2025-06-20,Delivered
11500,1018,2025-02-20,Delivered
11501,152,2024-03-06,Cancelled
11502,2903,2024-01-04,Delivered
11503,2506,2024-03-02,Delivered
11504,892,2025-01-25,Delivered
11505,358,2025-01-01,Delivered
11506,2200,2025-04-28,Delivered
11507,637,2024-10-13,Delivered
11508,1781,2024-01-25,Pending
11509,2308,2025-06-29,Delivered
11510,787,2025-04-18,Delivered
11511,831,2025-01-26,Delivered
11512,177,2025-05-16,Delivered
11513,941,2024-06-01,Delivered
11514,1749,2024-10-19,Cancelled
11515,424,2024-10-17,Delivered
11516,2842,2024-06-04,Delivered
11517,2167,2025-06-27,Delivered
11518,591,2024-11-03,Delivered
11519,1595,2025-05-16,Delivered
11520,1172,2024-06-18,Cancelled
11521,1140,2024-09-27,Delivered
11522,1666,2025-05-24,Delivered
11523,305,2024-04-07,Delivered
11524,623,2024-10-23,Delivered
11525,402,2025-03-10,Delivered
11526,493,2025-03-12,Delivered
11527,1937,2025-02-14,Delivered
11528,2982,2024-11-29,Delivered
11529,1926,2024-01-04,Delivered
11530,2947,2024-06-06,Delivered
11531,1702,2025-03-10,Delivered
11532,831,2024-09-30,Delivered
11533,2582,2024-07-14,Delivered
11534,192,2025-04-25,Delivered
11535,291,2024-07-06,Delivered
11536,2830,2024-07-28,Delivered
11537,1922,2024-08-08,Delivered
11538,2750,2024-07-05,Delivered
11539,369,2024-10-03,Delivered
11540,2263,2025-06-06,Delivered
11541,683,2025-06-28,Delivered
11542,1022,2024-07-01,Delivered
11543,2667,2024-07-20,Delivered
11544,1242,2025-04-14,Delivered
11545,1991,2024-11-10,Delivered
11546,2623,2024-04-07,Delivered
11547,2580,2024-10-26,Delivered
11548,18,2025-03-08,Delivered
11549,431,2024-08-08,Cancelled
11550,2716,2024-12-01,Delivered
11551,1670,2025-02-27,Delivered
11552,1447,2024-03-06,Delivered
11553,185,2025-06-16,Delivered
11554,58,2024-02-04,Delivered
11555,2843,2024-03-03,Delivered
11556,1424,2024-06-11,Delivered
11557,2329,2024-01-11,Cancelled
11558,635,2024-12-24,Delivered
11559,688,2024-10-13,Delivered
11560,1666,2024-07-15,Delivered
11561,2593,2025-06-23,Delivered
11562,844,2024-05-28,Delivered
11563,973,2025-04-25,Delivered
11564,1639,2024-11-13,Delivered
11565,105,2025-01-13,Pending
11566,1129,2025-06-04,Delivered
11567,1659,2024-05-18,Delivered
11568,7,2024-03-07,Delivered
11569,1882,2025-03-08,Delivered
11570,138,2024-12-17,Cancelled
11571,2161,2024-04-17,Delivered
11572,2374,2025-05-13,Delivered
11573,2485,2025-01-26,Delivered
11574,2003,2024-10-22,Delivered
11575,1669,2024-03-13,Delivered
11576,901,2025-06-10,Cancelled
11577,1273,2024-10-13,Delivered
11578,251,2024-11-22,Delivered
11579,2122,2024-01-15,Delivered
11580,56,2025-01-02,Cancelled
11581,1247,2025-04-01,Cancelled
11582,1522,2025-03-08,Pending
11583,1921,2024-07-24,Delivered
11584,1022,2024-04-19,Delivered
11585,1321,2024-08-30,Delivered
11586,1720,2024-11-01,Delivered
11587,2735,2024-05-26,Delivered
11588,1995,2024-12-01,Delivered
11589,738,2025-05-19,Delivered
11590,2513,2024-03-06,Delivered
11591,152,2024-05-14,Delivered
11592,787,2024-09-05,Delivered
11593,305,2024-04-04,Delivered
11594,1333,2025-02-24,Delivered
11595,1873,2024-02-03,Delivered
11596,1595,2024-01-23,Delivered
11597,2399,2024-07-11,Delivered
11598,1679,2024-08-13,Delivered
11599,680,2025-01-20,Delivered
11600,1609,2024-03-20,Delivered
11601,2200,2025-03-03,Delivered
11602,1513,2024-04-05,Delivered
11603,1320,2025-06-02,Delivered
11604,1591,2024-10-06,Delivered
11605,1636,2025-02-22,Delivered
11606,913,2024-01-17,Delivered
11607,2529,2025-01-26,Delivered
11608,597,2024-08-20,Pending
11609,92,2024-10-01,Delivered
11610,2214,2024-01-15,Delivered
11611,2501,2024-12-05,Delivered
11612,1900,2025-05-20,Delivered
11613,1409,2025-06-27,Delivered
11614,2923,2025-04-27,Delivered
11615,1107,2025-01-26,Delivered
11616,1224,2024-04-25,Delivered
11617,1736,2024-07-20,Pending
11618,1284,2024-02-05,Delivered
11619,1656,2024-05-02,Pending
11620,2898,2024-05-16,Delivered
11621,690,2024-12-30,Delivered
11622,398,2024-01-16,Delivered
11623,1273,2025-05-22,Cancelled
11624,1517,2025-02-05,Delivered
11625,2141,2025-01-02,Delivered
11626,2853,2024-11-09,Delivered
11627,2067,2024-05-18,Delivered
11628,2955,2024-10-23,Delivered
11629,718,2024-12-14,Delivered
11630,597,2025-04-10,Delivered
11631,897,2025-01-07,Delivered
11632,2330,2025-03-17,Delivered
11633,535,2024-09-06,Delivered
11634,561,2024-08-11,Delivered
11635,1245,2025-03-02,Delivered
11636,932,2024-11-29,Delivered
11637,1915,2024-08-03,Cancelled
11638,2638,2024-08-29,Delivered
11639,377,2024-10-30,Delivered
11640,1631,2024-12-06,Delivered
11641,253,2024-07-15,Delivered
11642,639,2024-03-23,Delivered
11643,908,2025-05-05,Pending
11644,1704,2024-06-12,Delivered
11645,1654,2024-03-29,Cancelled
11646,1902,2024-05-17,Cancelled
11647,2427,2025-04-19,Cancelled
11648,538,2024-04-01,Delivered
11649,2223,2025-01-15,Delivered
11650,1977,2024-08-13,Delivered
11651,229,2024-11-27,Cancelled
11652,1023,2025-01-31,Pending
11653,65,2024-05-01,Pending
11654,255,2024-08-04,Delivered
11655,831,2025-03-07,Delivered
11656,710,2025-06-20,Delivered
11657,2670,2025-04-10,Delivered
11658,2658,2024-06-13,Delivered
11659,1702,2024-05-09,Delivered
11660,2198,2025-06-01,Delivered
11661,2998,2025-01-09,Delivered
11662,1239,2024-04-15,Delivered
11663,1572,2024-12-19,Delivered
11664,1926,2024-06-24,Delivered
11665,2719,2024-03-26,Delivered
11666,2357,2024-03-30,Delivered
11667,182,2024-07-25,Delivered
11668,2140,2024-05-09,Delivered
11669,738,2025-03-04,Delivered
11670,738,2024-03-26,Delivered
11671,1634,2024-04-12,Delivered
11672,2090,2024-12-07,Delivered
11673,436,2024-08-25,Delivered
11674,924,2024-04-19,Delivered
11675,2149,2024-02-07,Delivered
11676,410,2024-02-16,Delivered
11677,2520,2024-06-08,Delivered
11678,1361,2024-05-25,Cancelled
11679,1716,2024-11-13,Delivered
11680,232,2025-01-05,Cancelled
11681,2847,2024-03-31,Cancelled
11682,2692,2024-08-22,Delivered
11683,547,2024-09-11,Cancelled
11684,1963,2024-03-26,Delivered
11685,2346,2024-09-23,Delivered
11686,333,2024-02-04,Delivered
11687,1702,2024-06-19,Cancelled
11688,2522,2025-02-02,Delivered
11689,1525,2024-05-13,Delivered
11690,2735,2025-01-19,Delivered
11691,128,2024-02-28,Delivered
11692,2716,2024-09-08,Delivered
11693,2930,2025-05-07,Delivered
11694,424,2024-10-15,Delivered
11695,1285,2025-03-21,Delivered
11696,1818,2024-05-11,Delivered
11697,2655,2024-04-11,Delivered
11698,438,2024-09-21,Cancelled
11699,997,2024-05-15,Delivered
11700,2357,2025-02-01,Delivered
11701,1239,2024-07-11,Delivered
11702,1779,2025-02-25,Delivered
11703,1666,2024-01-20,Delivered
11704,2919,2024-07-04,Delivered
11705,383,2024-05-12,Delivered
11706,2832,2025-01-05,Delivered
11707,1673,2024-04-22,Delivered
11708,2681,2024-09-22,Cancelled
11709,326,2024-07-15,Delivered
11710,1895,2025-02-07,Delivered
11711,2491,2024-07-21,Cancelled
11712,2330,2025-01-12,Cancelled
11713,19,2024-02-18,Delivered
11714,1349,2025-02-13,Delivered
11715,317,2024-12-14,Delivered
11716,413,2024-03-31,Cancelled
11717,2119,2024-02-29,Delivered
11718,2861,2024-06-24,Pending
11719,1864,2025-06-23,Delivered
11720,291,2024-05-24,Delivered
11721,712,2024-09-16,Delivered
11722,1130,2024-09-01,Cancelled
11723,341,2024-06-10,Delivered
11724,2514,2024-09-10,Delivered
11725,560,2024-04-05,Delivered
11726,358,2024-12-30,Delivered
11727,2175,2024-03-28,Delivered
11728,345,2024-11-07,Delivered
11729,1239,2024-06-22,Cancelled
11730,1552,2024-11-12,Delivered
11731,232,2024-10-26,Delivered
11732,1658,2024-12-11,Delivered
11733,1447,2024-11-26,Delivered
11734,1984,2024-05-28,Delivered
11735,633,2024-11-17,Delivered
11736,1068,2024-05-03,Delivered
11737,1953,2024-07-30,Delivered
11738,94,2024-04-27,Delivered
11739,319,2024-10-18,Cancelled
11740,831,2025-03-01,Delivered
11741,297,2024-11-26,Pending
11742,103,2024-02-23,Delivered
11743,2956,2024-02-11,Delivered
11744,1361,2024-06-21,Delivered
11745,1604,2024-11-17,Pending
11746,738,2024-06-02,Delivered
11747,14,2025-06-27,Delivered
11748,2229,2024-11-19,Delivered
11749,2172,2025-05-03,Delivered
11750,2919,2025-05-19,Cancelled
11751,43,2024-02-22,Delivered
11752,376,2025-04-24,Delivered
11753,2138,2024-01-28,Delivered
11754,980,2024-02-27,Cancelled
11755,178,2024-10-21,Cancelled
11756,884,2024-10-21,Delivered
11757,253,2024-12-20,Delivered
11758,2483,2024-01-21,Delivered
11759,2598,2024-02-28,Delivered
11760,1873,2025-03-08,Delivered
11761,1149,2024-11-18,Cancelled
11762,2264,2024-07-23,Cancelled
11763,1857,2024-04-09,Delivered
11764,2341,2024-04-27,Delivered
11765,1535,2024-06-16,Pending
11766,2871,2024-09-21,Delivered
11767,847,2025-03-20,Delivered
11768,1778,2024-08-25,Delivered
11769,2382,2024-08-26,Delivered
11770,2660,2025-05-29,Delivered
11771,2826,2024-02-20,Delivered
11772,1186,2024-01-19,Delivered
11773,2101,2025-06-26,Delivered
11774,847,2025-06-02,Delivered
11775,1919,2024-08-08,Delivered
11776,530,2024-05-07,Delivered
11777,1272,2024-03-08,Delivered
11778,2719,2024-03-20,Delivered
11779,2396,2025-05-02,Delivered
11780,1491,2025-02-09,Cancelled
11781,397,2025-04-06,Delivered
11782,1201,2024-10-12,Delivered
11783,377,2024-12-25,Cancelled
11784,192,2025-05-04,Delivered
11785,2691,2024-07-14,Delivered
11786,1480,2024-10-23,Delivered
11787,255,2024-06-06,Cancelled
11788,2151,2024-10-02,Delivered
11789,213,2024-04-25,Delivered
11790,1191,2024-04-22,Delivered
11791,673,2024-07-14,Delivered
11792,465,2025-06-02,Delivered
11793,1603,2024-05-28,Delivered
11794,2160,2024-12-28,Delivered
11795,1461,2024-11-08,Delivered
11796,2436,2024-11-24,Delivered
11797,2715,2024-03-12,Cancelled
11798,2380,2025-03-07,Delivered
11799,2861,2025-03-04,Delivered
11800,2750,2024-02-25,Cancelled
11801,2463,2024-08-03,Delivered
11802,858,2025-04-18,Delivered
11803,494,2024-05-09,Delivered
11804,2179,2024-09-30,Delivered
11805,2512,2025-03-27,Delivered
11806,2448,2025-03-14,Delivered
11807,1903,2024-07-30,Cancelled
11808,2453,2025-01-24,Delivered
11809,2122,2025-05-23,Cancelled
11810,1970,2024-09-03,Cancelled
11811,121,2025-06-15,Delivered
11812,1374,2025-02-24,Cancelled
11813,92,2024-12-19,Cancelled
11814,263,2025-01-28,Delivered
11815,1618,2024-04-12,Pending
11816,125,2024-01-03,Pending
11817,2705,2025-03-27,Delivered
11818,1342,2025-01-22,Delivered
11819,2102,2025-05-27,Delivered
11820,398,2024-10-04,Delivered
11821,2513,2024-07-29,Delivered
11822,1434,2025-04-03,Delivered
11823,1663,2025-05-29,Delivered
11824,1917,2025-03-18,Delivered
11825,1615,2025-03-27,Delivered
11826,1672,2024-04-03,Delivered
11827,2224,2025-04-19,Pending
11828,2379,2024-01-12,Delivered
11829,897,2025-02-16,Delivered
11830,2729,2024-04-17,Delivered
11831,1059,2024-01-23,Delivered
11832,787,2025-02-08,Delivered
11833,915,2024-07-04,Delivered
11834,1072,2025-04-20,Delivered
11835,931,2024-06-03,Delivered
11836,2506,2025-01-17,Delivered
11837,1668,2024-12-17,Delivered
11838,2902,2025-03-24,Cancelled
11839,244,2025-04-15,Delivered
11840,1801,2024-11-16,Delivered
11841,271,2024-07-07,Delivered
11842,1373,2024-10-03,Delivered
11843,1143,2024-11-24,Cancelled
11844,2036,2025-06-13,Delivered
11845,2228,2024-04-04,Delivered
11846,694,2024-02-14,Delivered
11847,560,2024-09-10,Delivered
11848,1265,2024-08-18,Delivered
11849,709,2025-05-06,Delivered
11850,2019,2024-05-31,Cancelled
11851,1558,2024-03-21,Cancelled
11852,2453,2024-03-07,Delivered
11853,2941,2025-05-03,Delivered
11854,1128,2024-11-26,Delivered
11855,2702,2025-06-16,Delivered
11856,2303,2024-05-23,Delivered
11857,400,2024-02-14,Delivered
11858,2475,2024-09-09,Delivered
11859,1453,2024-04-04,Delivered
11860,2130,2024-03-15,Delivered
11861,2116,2025-04-26,Delivered
11862,2620,2024-07-31,Delivered
11863,2234,2024-02-08,Delivered
11864,2450,2024-04-19,Delivered
11865,948,2024-07-19,Delivered
11866,2919,2025-05-04,Delivered
11867,1959,2024-12-14,Cancelled
11868,2282,2024-10-12,Delivered
11869,2540,2024-11-14,Delivered
11870,339,2025-03-12,Cancelled
11871,1005,2024-04-15,Delivered
11872,2475,2024-09-22,Delivered
11873,2728,2024-07-29,Delivered
11874,2229,2024-01-24,Delivered
11875,1453,2024-10-27,Delivered
11876,736,2025-01-14,Delivered
11877,1581,2024-12-29,Delivered
11878,1196,2024-01-27,Delivered
11879,2617,2024-08-03,Delivered
11880,1678,2024-08-03,Delivered
11881,1172,2024-03-25,Delivered
11882,1499,2024-10-25,Delivered
11883,2766,2024-10-16,Cancelled
11884,1801,2025-03-01,Delivered
11885,669,2025-02-20,Cancelled
11886,1504,2025-05-05,Delivered
11887,1397,2024-08-19,Delivered
11888,913,2024-04-21,Delivered
11889,2201,2024-10-22,Delivered
11890,780,2024-12-28,Delivered
11891,1482,2024-06-30,Delivered
11892,1317,2024-09-13,Delivered
11893,1402,2025-05-16,Delivered
11894,1675,2025-02-23,Delivered
11895,2048,2024-11-28,Delivered
11896,391,2025-05-28,Delivered
11897,841,2024-01-08,Delivered
11898,2281,2024-10-18,Delivered
11899,2692,2024-05-25,Delivered
11900,118,2024-06-05,Delivered
11901,209,2025-03-04,Delivered
11902,2766,2025-03-11,Delivered
11903,398,2024-09-22,Delivered
11904,2937,2024-10-14,Delivered
11905,2453,2024-11-23,Delivered
11906,333,2025-04-26,Cancelled
11907,291,2024-01-12,Cancelled
11908,2930,2024-11-05,Pending
11909,738,2024-02-07,Delivered
11910,1614,2025-05-26,Cancelled
11911,683,2024-05-10,Delivered
11912,1765,2024-01-10,Delivered
11913,2490,2025-03-17,Delivered
11914,1941,2025-02-07,Delivered
11915,122,2025-05-07,Delivered
11916,1744,2024-07-08,Delivered
11917,1959,2024-05-30,Delivered
11918,577,2024-12-31,Delivered
11919,2239,2025-05-31,Cancelled
11920,1848,2025-05-29,Delivered
11921,18,2024-08-06,Delivered
11922,2834,2024-12-23,Delivered
11923,1330,2025-03-27,Delivered
11924,679,2025-02-10,Delivered
11925,248,2024-11-23,Delivered
11926,1119,2024-03-27,Delivered
11927,902,2024-12-10,Cancelled
11928,873,2024-04-03,Delivered
11929,2347,2024-09-03,Delivered
11930,1911,2024-11-09,Delivered
11931,369,2024-01-15,Delivered
11932,2127,2024-08-23,Delivered
11933,2172,2024-06-20,Delivered
11934,1550,2024-03-01,Delivered
11935,2979,2024-12-19,Delivered
11936,831,2025-02-01,Delivered
11937,164,2025-05-02,Delivered
11938,73,2025-01-16,Delivered
11939,945,2024-04-09,Delivered
11940,1496,2024-02-20,Delivered
11941,224,2025-03-24,Cancelled
11942,1673,2024-01-27,Delivered
11943,2672,2024-07-26,Delivered
11944,2357,2024-07-25,Delivered
11945,1996,2024-04-09,Delivered
11946,1959,2024-12-11,Delivered
11947,2183,2025-02-24,Delivered
11948,1490,2025-05-02,Delivered
11949,1210,2024-09-13,Delivered
11950,897,2024-08-25,Delivered
11951,284,2024-04-20,Delivered
11952,1669,2024-02-15,Delivered
11953,1421,2025-04-03,Delivered
11954,330,2025-04-03,Delivered
11955,780,2025-06-19,Delivered
11956,2330,2024-03-09,Cancelled
11957,738,2024-08-18,Delivered
11958,1273,2024-12-14,Delivered
11959,447,2025-04-25,Delivered
11960,473,2024-08-13,Delivered
11961,2229,2024-03-16,Delivered
11962,191,2025-05-11,Delivered
11963,831,2024-02-15,Delivered
11964,2941,2025-01-19,Delivered
11965,1429,2024-07-18,Delivered
11966,1783,2024-01-01,Delivered
11967,1893,2024-10-14,Delivered
11968,561,2024-07-22,Delivered
11969,1104,2024-08-26,Pending
11970,1207,2024-04-08,Delivered
11971,673,2025-01-02,Delivered
11972,681,2024-06-03,Delivered
11973,1791,2024-03-24,Delivered
11974,307,2024-08-05,Delivered
11975,355,2024-04-12,Delivered
11976,1695,2024-10-22,Delivered
11977,1339,2024-10-17,Pending
11978,1801,2025-03-11,Delivered
11979,65,2025-06-18,Cancelled
11980,2119,2024-02-17,Delivered
11981,2521,2024-01-21,Delivered
11982,1579,2024-08-28,Pending
11983,2496,2024-02-06,Delivered
11984,1206,2025-04-09,Delivered
11985,226,2025-03-17,Delivered
11986,1127,2024-08-23,Delivered
11987,1333,2025-06-08,Pending
11988,2565,2024-10-10,Delivered
11989,999,2024-10-24,Delivered
11990,926,2025-03-01,Pending
11991,2627,2024-10-27,Delivered
11992,736,2025-01-24,Delivered
11993,1899,2024-05-10,Delivered
11994,966,2024-10-05,Delivered
11995,2837,2025-03-18,Delivered
11996,546,2025-06-12,Delivered
11997,2172,2024-04-14,Delivered
11998,1637,2024-01-20,Cancelled
11999,2934,2024-11-20,Delivered
12000,2973,2024-01-30,Delivered
12001,2349,2025-01-07,Delivered
12002,292,2024-08-21,Delivered
12003,1409,2025-03-13,Delivered
12004,2529,2024-03-27,Pending
12005,1885,2024-01-26,Delivered
12006,2598,2024-04-28,Delivered
12007,2367,2024-02-04,Delivered
12008,919,2024-03-22,Delivered
12009,561,2025-02-17,Delivered
12010,956,2025-01-13,Delivered
12011,2090,2024-12-05,Delivered
12012,1452,2024-08-18,Delivered
12013,118,2024-05-02,Delivered
12014,2218,2025-03-31,Delivered
12015,118,2025-04-23,Delivered
12016,1236,2024-05-16,Delivered
12017,1383,2025-05-04,Delivered
12018,1513,2024-12-06,Delivered
12019,379,2024-07-07,Delivered
12020,2229,2024-04-26,Delivered
12021,2518,2024-11-18,Delivered
12022,2097,2024-01-08,Delivered
12023,2836,2024-06-21,Delivered
12024,749,2025-01-11,Delivered
12025,444,2024-09-28,Delivered
12026,192,2024-03-20,Cancelled
12027,2165,2024-03-27,Delivered
12028,453,2025-01-13,Delivered
12029,2786,2025-04-02,Delivered
12030,1751,2025-01-12,Cancelled
12031,2376,2024-03-26,Delivered
12032,1297,2024-12-30,Delivered
12033,2197,2024-05-31,Delivered
12034,1322,2024-11-19,Pending
12035,1614,2024-11-18,Cancelled
12036,2281,2025-04-28,Delivered
12037,694,2025-03-26,Delivered
12038,2613,2024-02-11,Delivered
12039,2149,2024-01-01,Delivered
12040,2229,2025-05-23,Delivered
12041,694,2024-06-15,Delivered
12042,255,2024-02-06,Delivered
12043,207,2024-04-14,Delivered
12044,1915,2024-09-27,Delivered
12045,403,2025-04-30,Delivered
12046,2997,2025-05-19,Delivered
12047,2881,2024-12-24,Delivered
12048,74,2024-05-26,Delivered
12049,2175,2025-01-23,Delivered
12050,758,2025-04-02,Delivered
12051,1014,2024-08-12,Delivered
12052,705,2024-11-19,Delivered
12053,2457,2024-09-24,Delivered
12054,2658,2025-04-15,Delivered
12055,105,2024-11-30,Delivered
12056,787,2024-01-27,Delivered
12057,1338,2025-04-20,Delivered
12058,1570,2024-10-30,Delivered
12059,252,2024-08-23,Delivered
12060,2454,2024-04-13,Delivered
12061,2767,2025-01-16,Pending
12062,1216,2024-01-10,Delivered
12063,2533,2024-04-04,Delivered
12064,2019,2025-01-11,Delivered
12065,1737,2024-05-28,Delivered
12066,2428,2025-02-13,Delivered
12067,1422,2024-05-23,Delivered
12068,1635,2025-02-06,Pending
12069,794,2025-01-05,Delivered
12070,2138,2025-01-31,Delivered
12071,436,2025-02-04,Delivered
12072,710,2025-03-12,Delivered
12073,1445,2024-07-19,Pending
12074,1149,2024-09-13,Delivered
12075,700,2024-02-08,Delivered
12076,556,2024-07-08,Delivered
12077,2542,2024-09-08,Delivered
12078,1735,2025-02-24,Delivered
12079,1127,2025-05-07,Delivered
12080,2512,2024-12-29,Delivered
12081,2450,2024-03-10,Delivered
12082,313,2024-04-19,Delivered
12083,1678,2024-10-18,Delivered
12084,897,2024-08-25,Delivered
12085,1617,2025-05-23,Delivered
12086,2155,2024-04-09,Delivered
12087,18,2024-11-07,Delivered
12088,1546,2025-03-01,Delivered
12089,853,2024-08-26,Delivered
12090,1604,2024-05-14,Delivered
12091,309,2024-03-12,Delivered
12092,2423,2024-12-05,Delivered
12093,1626,2024-12-10,Delivered
12094,606,2025-02-05,Delivered
12095,2272,2025-04-02,Delivered
12096,99,2025-06-25,Delivered
12097,1738,2024-04-12,Delivered
12098,1506,2024-08-24,Delivered
12099,103,2024-06-25,Pending
12100,730,2025-04-21,Cancelled
12101,219,2024-03-05,Delivered
12102,2189,2024-12-28,Delivered
12103,2119,2024-06-21,Delivered
12104,254,2024-01-05,Cancelled
12105,308,2024-11-22,Delivered
12106,2598,2024-08-01,Delivered
12107,577,2025-01-12,Delivered
12108,892,2024-08-03,Cancelled
12109,2054,2024-04-13,Pending
12110,175,2024-03-06,Delivered
12111,2830,2024-04-08,Delivered
12112,54,2024-08-26,Delivered
12113,2515,2024-05-26,Delivered
12114,1081,2024-03-04,Pending
12115,403,2024-06-22,Delivered
12116,1127,2025-04-01,Delivered
12117,2919,2025-04-03,Delivered
12118,1590,2024-07-16,Pending
12119,167,2024-10-11,Delivered
12120,2806,2024-04-09,Pending
12121,391,2024-08-12,Delivered
12122,149,2024-11-24,Delivered
12123,118,2024-01-11,Delivered
12124,2452,2025-04-13,Delivered
12125,413,2025-05-08,Delivered
12126,514,2025-05-25,Delivered
12127,2818,2024-04-25,Delivered
12128,1800,2025-05-03,Delivered
12129,831,2024-03-03,Delivered
12130,1718,2025-04-26,Delivered
12131,709,2024-03-15,Delivered
12132,1490,2024-07-09,Delivered
12133,998,2025-06-01,Delivered
12134,1826,2024-10-02,Delivered
12135,2229,2024-04-28,Cancelled
12136,1036,2024-07-21,Delivered
12137,392,2024-06-29,Pending
12138,1063,2025-05-18,Delivered
12139,2229,2024-08-13,Delivered
12140,2330,2024-02-20,Delivered
12141,2328,2024-03-31,Delivered
12142,2923,2024-10-29,Pending
12143,2450,2024-01-08,Delivered
12144,2908,2024-05-14,Delivered
12145,1848,2024-11-25,Pending
12146,670,2025-04-09,Delivered
12147,1791,2024-02-22,Delivered
12148,566,2024-07-04,Delivered
12149,247,2024-08-01,Delivered
12150,884,2025-04-16,Delivered
12151,1089,2025-03-05,Delivered
12152,2129,2025-05-21,Delivered
12153,1090,2024-12-04,Delivered
12154,2,2024-04-03,Cancelled
12155,2715,2025-05-27,Delivered
12156,1728,2025-02-15,Delivered
12157,605,2024-12-26,Cancelled
12158,738,2024-07-10,Delivered
12159,339,2025-03-10,Delivered
12160,2691,2024-08-08,Cancelled
12161,672,2024-06-25,Delivered
12162,2799,2024-05-29,Delivered
12163,768,2024-12-26,Delivered
12164,2367,2024-12-02,Delivered
12165,20,2024-05-04,Delivered
12166,1454,2024-07-06,Delivered
12167,1104,2024-05-04,Delivered
12168,998,2025-02-08,Delivered
12169,2968,2024-07-06,Cancelled
12170,2164,2025-03-01,Delivered
12171,738,2024-05-06,Delivered
12172,2229,2024-08-03,Pending
12173,358,2024-01-15,Delivered
12174,2745,2024-01-03,Delivered
12175,1275,2024-01-16,Delivered
12176,549,2024-02-06,Delivered
12177,789,2025-05-21,Delivered
12178,424,2024-05-29,Cancelled
12179,2758,2024-10-17,Delivered
12180,897,2025-06-04,Cancelled
12181,390,2024-09-23,Delivered
12182,2406,2024-08-03,Cancelled
12183,611,2025-02-02,Delivered
12184,268,2025-02-10,Delivered
12185,1984,2024-02-25,Delivered
12186,14,2025-05-26,Delivered
12187,2463,2024-03-08,Delivered
12188,1671,2024-07-05,Delivered
12189,720,2025-06-04,Delivered
12190,1422,2024-11-02,Delivered
12191,758,2024-11-06,Delivered
12192,1603,2025-04-10,Delivered
12193,1694,2024-09-01,Delivered
12194,2279,2024-12-01,Delivered
12195,1399,2024-10-24,Delivered
12196,2329,2024-03-02,Delivered
12197,192,2024-06-15,Delivered
12198,2725,2025-02-24,Delivered
12199,535,2024-06-28,Delivered
12200,2480,2025-05-08,Delivered
12201,1490,2025-06-07,Delivered
12202,294,2025-02-23,Delivered
12203,1080,2024-01-01,Delivered
12204,2715,2025-02-14,Delivered
12205,2470,2025-06-19,Delivered
12206,2166,2025-02-16,Cancelled
12207,1134,2024-12-14,Delivered
12208,1725,2024-11-30,Delivered
12209,676,2024-09-27,Delivered
12210,1916,2024-05-15,Delivered
12211,758,2024-09-17,Delivered
12212,2453,2025-05-12,Delivered
12213,2119,2024-02-16,Delivered
12214,1152,2024-03-11,Cancelled
12215,1953,2025-04-22,Delivered
12216,963,2025-03-27,Delivered
12217,424,2024-10-05,Delivered
12218,683,2024-07-15,Delivered
12219,787,2024-03-01,Delivered
12220,657,2025-01-02,Delivered
12221,2026,2024-10-21,Delivered
12222,2213,2025-03-15,Delivered
12223,1367,2024-07-17,Delivered
12224,2959,2025-03-12,Delivered
12225,2645,2025-06-05,Delivered
12226,251,2024-03-28,Delivered
12227,1374,2025-02-21,Delivered
12228,2692,2024-11-29,Delivered
12229,635,2024-08-10,Delivered
12230,1128,2024-04-27,Delivered
12231,2827,2024-03-25,Delivered
12232,2298,2024-03-02,Delivered
12233,2463,2024-05-25,Cancelled
12234,2598,2024-10-07,Pending
12235,481,2024-10-20,Delivered
12236,2101,2025-06-23,Delivered
12237,2375,2025-02-08,Delivered
12238,657,2025-06-19,Delivered
12239,118,2025-02-15,Delivered
12240,511,2024-11-09,Cancelled
12241,2213,2025-03-21,Delivered
12242,2085,2025-02-25,Pending
12243,2648,2025-03-17,Cancelled
12244,931,2024-05-16,Delivered
12245,1822,2025-01-30,Delivered
12246,65,2024-05-02,Delivered
12247,2772,2024-06-22,Delivered
12248,1654,2025-01-20,Cancelled
12249,2229,2024-10-02,Delivered
12250,831,2025-03-05,Delivered
12251,236,2025-01-28,Delivered
12252,178,2025-02-09,Delivered
12253,2415,2024-03-21,Delivered
12254,410,2024-02-27,Delivered
12255,2450,2024-05-15,Delivered
12256,769,2024-07-13,Delivered
12257,1620,2025-03-23,Delivered
12258,758,2024-01-25,Delivered
12259,137,2024-10-22,Delivered
12260,1625,2025-03-05,Delivered
12261,1103,2024-07-17,Delivered
12262,1297,2024-06-19,Delivered
12263,1771,2024-04-21,Delivered
12264,922,2024-08-22,Delivered
12265,1673,2024-12-02,Delivered
12266,1945,2024-11-12,Delivered
12267,255,2025-04-09,Delivered
12268,1046,2024-01-01,Delivered
12269,255,2024-06-08,Delivered
12270,12,2024-07-12,Delivered
12271,138,2024-08-01,Delivered
12272,1738,2025-02-01,Delivered
12273,245,2024-02-25,Cancelled
12274,2570,2024-06-05,Delivered
12275,2230,2024-01-30,Delivered
12276,18,2024-11-07,Delivered
12277,1695,2025-06-10,Delivered
12278,20,2025-06-17,Delivered
12279,308,2024-01-27,Delivered
12280,2959,2024-03-05,Pending
12281,1366,2024-11-07,Delivered
12282,65,2024-05-26,Delivered
12283,2522,2024-05-06,Delivered
12284,2715,2025-01-08,Delivered
12285,1636,2024-06-16,Delivered
12286,2119,2024-11-22,Delivered
12287,2311,2024-01-22,Delivered
12288,2196,2025-06-17,Delivered
12289,1490,2024-02-16,Delivered
12290,2463,2024-01-19,Delivered
12291,1585,2024-08-16,Cancelled
12292,750,2025-04-24,Delivered
12293,3,2024-12-14,Delivered
12294,1072,2024-09-23,Delivered
12295,241,2024-05-31,Delivered
12296,178,2024-05-03,Delivered
12297,1410,2024-12-22,Delivered
12298,2818,2024-10-01,Delivered
12299,294,2024-11-30,Delivered
12300,792,2024-08-13,Delivered
12301,2454,2024-06-13,Delivered
12302,1210,2024-04-07,Delivered
12303,2229,2024-06-08,Delivered
12304,1625,2024-04-29,Delivered
12305,1778,2024-09-23,Delivered
12306,447,2024-06-06,Cancelled
12307,1052,2025-03-10,Delivered
12308,1822,2024-10-28,Delivered
12309,65,2024-06-15,Delivered
12310,541,2024-02-15,Delivered
12311,1154,2024-03-07,Delivered
12312,2013,2024-02-18,Delivered
12313,1533,2024-06-24,Pending
12314,2158,2024-06-30,Delivered
12315,2179,2024-01-27,Delivered
12316,84,2025-01-21,Cancelled
12317,2675,2024-10-15,Delivered
12318,2450,2025-06-18,Delivered
12319,787,2025-04-29,Delivered
12320,1454,2024-01-07,Delivered
12321,904,2025-01-17,Delivered
12322,2692,2025-06-14,Delivered
12323,1144,2025-03-13,Delivered
12324,1191,2025-01-09,Delivered
12325,2700,2024-03-17,Delivered
12326,1765,2025-05-06,Delivered
12327,376,2025-03-24,Delivered
12328,1846,2024-10-19,Pending
12329,2352,2025-05-18,Pending
12330,1008,2024-09-09,Delivered
12331,1583,2024-10-17,Cancelled
12332,1848,2025-03-04,Delivered
12333,1534,2025-01-28,Delivered
12334,2997,2024-10-27,Delivered
12335,1525,2025-03-03,Delivered
12336,1903,2025-05-04,Delivered
12337,2348,2024-12-20,Delivered
12338,376,2025-05-02,Delivered
12339,118,2024-08-12,Delivered
12340,2919,2024-10-16,Delivered
12341,2189,2024-12-20,Delivered
12342,1176,2024-11-09,Delivered
12343,36,2024-04-07,Delivered
12344,465,2024-09-06,Delivered
12345,19,2024-03-14,Delivered
12346,1192,2025-01-11,Delivered
12347,1654,2025-03-12,Delivered
12348,444,2025-01-07,Delivered
12349,1891,2025-04-17,Delivered
12350,2845,2024-12-21,Delivered
12351,2966,2024-07-26,Delivered
12352,2466,2024-02-04,Delivered
12353,1323,2024-01-19,Delivered
12354,1634,2025-06-10,Delivered
12355,1514,2025-03-01,Delivered
12356,424,2024-07-02,Delivered
12357,2529,2025-06-05,Delivered
12358,2018,2024-05-14,Cancelled
12359,1881,2025-02-25,Delivered
12360,636,2024-04-25,Delivered
12361,414,2025-01-22,Delivered
12362,2583,2024-02-07,Delivered
12363,516,2025-01-07,Delivered
12364,210,2024-09-06,Delivered
12365,1844,2024-11-13,Pending
12366,2119,2024-01-23,Pending
12367,331,2024-07-20,Delivered
12368,597,2024-03-28,Delivered
12369,2333,2024-12-02,Cancelled
12370,2752,2024-01-03,Pending
12371,1432,2025-05-09,Delivered
12372,2341,2024-04-05,Delivered
12373,941,2024-10-11,Delivered
12374,2118,2025-06-27,Delivered
12375,1660,2024-08-11,Delivered
12376,2504,2024-10-22,Delivered
12377,2297,2025-06-08,Cancelled
12378,831,2024-02-06,Delivered
12379,400,2024-11-03,Delivered
12380,2381,2024-11-04,Delivered
12381,92,2025-01-30,Delivered
12382,2028,2024-11-24,Delivered
12383,1429,2024-09-19,Delivered
12384,216,2024-10-26,Delivered
12385,2067,2024-06-04,Delivered
12386,1454,2024-07-02,Delivered
12387,2542,2025-06-02,Delivered
12388,597,2024-12-24,Cancelled
12389,2,2025-01-07,Delivered
12390,360,2024-03-18,Delivered
12391,786,2024-07-30,Delivered
12392,1928,2024-04-29,Delivered
12393,1089,2025-06-01,Delivered
12394,329,2025-06-27,Delivered
12395,2941,2024-07-01,Delivered
12396,305,2024-08-14,Delivered
12397,1060,2025-01-09,Delivered
12398,2596,2024-03-21,Delivered
12399,1930,2024-11-02,Pending
12400,941,2024-04-28,Delivered
12401,2913,2024-10-15,Delivered
12402,1504,2025-01-30,Delivered
12403,17,2025-02-07,Delivered
12404,9,2024-03-04,Delivered
12405,2802,2024-06-07,Delivered
12406,822,2024-07-12,Pending
12407,2400,2025-01-31,Delivered
12408,118,2024-06-28,Delivered
12409,397,2024-09-09,Pending
12410,2533,2024-05-04,Pending
12411,2973,2024-07-07,Delivered
12412,143,2024-09-17,Cancelled
12413,465,2024-04-24,Delivered
12414,2169,2024-03-01,Delivered
12415,1592,2024-03-18,Delivered
12416,1224,2024-09-06,Delivered
12417,560,2024-03-30,Delivered
12418,2824,2024-01-18,Delivered
12419,486,2025-03-31,Delivered
12420,769,2025-06-13,Delivered
12421,960,2024-10-06,Delivered
12422,376,2024-11-26,Delivered
12423,1609,2024-03-31,Delivered
12424,1015,2024-02-10,Delivered
12425,1791,2024-02-13,Delivered
12426,1104,2024-04-14,Delivered
12427,320,2024-03-01,Delivered
12428,2582,2025-02-06,Cancelled
12429,1533,2025-02-24,Cancelled
12430,953,2025-02-03,Delivered
12431,33,2024-06-05,Delivered
12432,1750,2024-07-18,Pending
12433,2314,2024-07-14,Delivered
12434,1921,2024-03-22,Delivered
12435,2331,2024-09-15,Delivered
12436,424,2024-10-19,Delivered
12437,2918,2024-04-21,Pending
12438,608,2024-05-30,Delivered
12439,773,2024-09-13,Cancelled
12440,1541,2024-02-22,Delivered
12441,7,2024-11-17,Cancelled
12442,1321,2024-07-07,Delivered
12443,561,2025-01-22,Delivered
12444,2229,2025-02-14,Delivered
12445,2229,2024-07-21,Cancelled
12446,1801,2024-07-12,Delivered
12447,1273,2024-10-15,Delivered
12448,913,2024-01-23,Delivered
12449,2453,2024-04-15,Delivered
12450,1529,2024-03-06,Delivered
12451,1491,2024-06-04,Delivered
12452,313,2024-11-21,Delivered
12453,630,2024-05-13,Delivered
12454,1081,2024-10-12,Delivered
12455,2098,2025-01-12,Delivered
12456,2512,2025-01-03,Delivered
12457,2970,2024-10-16,Delivered
12458,1277,2024-11-08,Cancelled
12459,1352,2024-08-29,Delivered
12460,2256,2024-09-28,Delivered
12461,949,2025-03-10,Delivered
12462,1616,2024-09-16,Delivered
12463,2021,2024-07-11,Delivered
12464,684,2025-06-08,Delivered
12465,814,2025-05-15,Delivered
12466,1065,2025-04-15,Delivered
12467,1702,2025-03-24,Delivered
12468,787,2024-07-28,Delivered
12469,597,2025-06-07,Delivered
12470,400,2024-12-22,Delivered
12471,2390,2025-05-01,Delivered
12472,2620,2024-01-12,Delivered
12473,2683,2024-02-28,Delivered
12474,2439,2024-01-12,Delivered
12475,376,2025-06-28,Delivered
12476,274,2024-06-22,Delivered
12477,1501,2024-01-22,Delivered
12478,1569,2025-02-16,Pending
12479,2190,2025-03-08,Delivered
12480,644,2025-05-20,Delivered
12481,2758,2024-11-12,Delivered
12482,912,2025-01-07,Delivered
12483,1702,2024-12-03,Delivered
12484,2559,2025-01-20,Delivered
12485,1579,2024-10-09,Delivered
12486,2229,2024-01-18,Delivered
12487,2229,2024-04-01,Delivered
12488,2335,2025-05-22,Delivered
12489,2398,2024-01-27,Cancelled
12490,1175,2024-02-17,Delivered
12491,1093,2025-03-13,Delivered
12492,2375,2025-06-01,Delivered
12493,1708,2024-08-31,Pending
12494,1791,2024-03-18,Delivered
12495,1245,2024-11-17,Delivered
12496,580,2024-01-19,Delivered
12497,1366,2024-07-15,Delivered
12498,2911,2024-11-03,Cancelled
12499,847,2025-04-25,Delivered
12500,787,2024-03-03,Delivered
12501,361,2024-11-27,Delivered
12502,1453,2024-01-16,Delivered
12503,843,2024-09-11,Delivered
12504,2062,2024-12-30,Delivered
12505,374,2024-01-20,Delivered
12506,722,2025-02-07,Delivered
12507,178,2025-06-22,Delivered
12508,110,2024-06-08,Delivered
12509,2411,2025-02-17,Delivered
12510,2688,2024-10-18,Pending
12511,2250,2025-05-16,Cancelled
12512,2563,2024-11-15,Delivered
12513,248,2025-03-14,Delivered
12514,2667,2024-03-28,Delivered
12515,1399,2024-05-19,Delivered
12516,2264,2024-08-28,Cancelled
12517,1801,2025-05-08,Delivered
12518,1044,2024-12-13,Delivered
12519,768,2024-04-25,Delivered
12520,328,2025-04-28,Pending
12521,1247,2024-12-03,Delivered
12522,1489,2024-08-16,Cancelled
12523,2943,2024-07-28,Cancelled
12524,99,2025-01-16,Delivered
12525,1729,2025-04-26,Delivered
12526,1581,2024-09-30,Delivered
12527,52,2025-04-05,Delivered
12528,978,2025-01-21,Delivered
12529,1273,2024-02-10,Cancelled
12530,1490,2025-03-06,Delivered
12531,681,2024-11-02,Delivered
12532,92,2024-10-16,Delivered
12533,860,2024-11-30,Delivered
12534,2479,2024-02-03,Delivered
12535,2381,2025-05-10,Delivered
12536,520,2025-04-22,Delivered
12537,1914,2025-06-29,Delivered
12538,2735,2024-11-24,Delivered
12539,485,2024-05-10,Delivered
12540,354,2024-11-23,Delivered
12541,48,2024-06-02,Delivered
12542,486,2024-10-05,Delivered
12543,2411,2025-03-13,Delivered
12544,2411,2024-04-04,Cancelled
12545,1616,2024-09-05,Delivered
12546,993,2024-09-22,Delivered
12547,2380,2025-05-22,Delivered
12548,561,2024-10-20,Delivered
12549,380,2024-07-05,Delivered
12550,254,2024-07-28,Cancelled
12551,2523,2024-06-14,Delivered
12552,2146,2024-03-22,Delivered
12553,1836,2025-01-22,Delivered
12554,2180,2025-02-20,Delivered
12555,391,2024-04-18,Delivered
12556,1148,2024-09-06,Delivered
12557,2411,2025-02-15,Delivered
12558,2715,2025-01-17,Delivered
12559,1545,2024-02-13,Delivered
12560,333,2024-01-26,Delivered
12561,2933,2024-02-08,Delivered
12562,1186,2024-10-02,Delivered
12563,940,2025-05-13,Delivered
12564,332,2024-02-10,Delivered
12565,28,2025-01-17,Delivered
12566,1778,2025-02-04,Delivered
12567,1801,2025-06-10,Delivered
12568,682,2024-11-13,Delivered
12569,453,2025-06-05,Delivered
12570,1586,2024-09-03,Delivered
12571,1297,2024-05-24,Delivered
12572,892,2025-06-15,Pending
12573,629,2024-10-11,Delivered
12574,2541,2024-06-27,Pending
12575,2945,2024-12-17,Delivered
12576,1063,2024-08-18,Delivered
12577,2097,2025-02-12,Delivered
12578,2565,2025-02-06,Delivered
12579,65,2024-01-11,Delivered
12580,2692,2024-10-13,Cancelled
12581,1501,2025-04-11,Delivered
12582,1659,2024-12-25,Delivered
12583,1615,2025-01-28,Delivered
12584,709,2025-06-17,Delivered
12585,2313,2024-07-06,Delivered
12586,2189,2025-01-14,Delivered
12587,270,2024-01-17,Delivered
12588,1671,2024-03-23,Delivered
12589,2863,2025-01-16,Delivered
12590,2580,2024-04-24,Delivered
12591,1845,2025-03-05,Delivered
12592,568,2025-04-19,Delivered
12593,1031,2025-05-03,Delivered
12594,404,2024-01-27,Delivered
12595,2442,2024-06-26,Delivered
12596,2306,2024-10-05,Delivered
12597,2693,2024-01-09,Delivered
12598,178,2025-05-09,Delivered
12599,2893,2025-06-11,Delivered
12600,2898,2025-02-27,Delivered
12601,2013,2024-05-31,Delivered
12602,2604,2024-03-04,Delivered
12603,1308,2025-03-27,Delivered
12604,920,2025-02-08,Pending
12605,421,2025-05-31,Pending
12606,85,2024-07-27,Delivered
12607,112,2024-04-01,Delivered
12608,2076,2025-05-07,Delivered
12609,1005,2024-02-28,Delivered
12610,148,2024-11-08,Pending
12611,313,2024-09-14,Delivered
12612,1970,2024-10-26,Delivered
12613,2790,2024-08-07,Delivered
12614,1232,2024-01-05,Delivered
12615,2303,2024-12-05,Delivered
12616,2920,2024-05-16,Pending
12617,2128,2024-03-05,Delivered
12618,2169,2024-08-13,Delivered
12619,1801,2024-06-07,Delivered
12620,2931,2025-01-30,Delivered
12621,879,2024-07-16,Pending
12622,2317,2024-10-10,Delivered
12623,1254,2024-09-21,Delivered
12624,424,2025-04-10,Delivered
12625,2213,2024-02-26,Delivered
12626,2453,2024-01-19,Delivered
12627,2555,2025-04-18,Delivered
12628,2727,2024-06-25,Cancelled
12629,2225,2025-01-26,Delivered
12630,1585,2024-11-22,Delivered
12631,2790,2025-02-20,Delivered
12632,602,2024-12-25,Delivered
12633,219,2024-05-13,Delivered
12634,1286,2024-10-01,Delivered
12635,1711,2024-06-16,Delivered
12636,2032,2024-08-05,Delivered
12637,2418,2024-10-24,Delivered
12638,65,2024-02-09,Delivered
12639,2375,2024-01-17,Delivered
12640,1762,2025-01-15,Delivered
12641,2842,2024-02-18,Delivered
12642,1034,2025-05-08,Pending
12643,1803,2024-12-16,Delivered
12644,2256,2025-03-17,Delivered
12645,1554,2024-09-14,Delivered
12646,424,2025-01-17,Delivered
12647,137,2024-04-11,Delivered
12648,313,2024-12-12,Pending
12649,1491,2024-06-18,Delivered
12650,1891,2025-02-25,Delivered
12651,1691,2024-07-19,Cancelled
12652,2140,2025-02-28,Delivered
12653,103,2025-05-03,Cancelled
12654,376,2024-01-04,Pending
12655,2234,2024-02-04,Delivered
12656,2312,2024-07-14,Cancelled
12657,2114,2024-10-25,Delivered
12658,2228,2025-04-18,Delivered
12659,2888,2024-08-27,Delivered
12660,2819,2025-04-09,Delivered
12661,1905,2025-02-02,Delivered
12662,941,2025-01-22,Delivered
12663,31,2025-05-11,Delivered
12664,1857,2024-06-17,Delivered
12665,1285,2024-12-31,Delivered
12666,397,2025-03-11,Delivered
12667,623,2025-06-12,Delivered
12668,2780,2024-05-06,Delivered
12669,190,2025-03-05,Pending
12670,2330,2024-05-02,Delivered
12671,2675,2025-06-09,Cancelled
12672,2067,2024-10-19,Delivered
12673,176,2025-04-22,Delivered
12674,2512,2024-11-07,Delivered
12675,1930,2024-02-11,Pending
12676,799,2024-07-10,Delivered
12677,1852,2024-11-28,Cancelled
12678,376,2024-11-25,Delivered
12679,2124,2024-10-27,Delivered
12680,2677,2025-01-22,Cancelled
12681,1570,2024-11-11,Delivered
12682,2841,2024-04-08,Delivered
12683,1308,2024-02-12,Delivered
12684,2535,2024-06-06,Delivered
12685,2282,2024-03-16,Delivered
12686,253,2025-01-17,Delivered
12687,2703,2025-06-17,Delivered
12688,2695,2025-05-21,Delivered
12689,1048,2024-11-05,Delivered
12690,2348,2025-04-27,Delivered
12691,650,2024-12-25,Delivered
12692,80,2024-03-11,Delivered
12693,597,2024-11-16,Delivered
12694,1454,2024-11-07,Delivered
12695,162,2024-10-27,Delivered
12696,440,2025-03-12,Delivered
12697,2834,2025-06-22,Delivered
12698,1489,2024-05-09,Delivered
12699,2448,2024-01-10,Delivered
12700,597,2024-12-17,Delivered
12701,253,2024-03-01,Delivered
12702,2312,2024-08-21,Delivered
12703,1038,2025-05-24,Delivered
12704,1374,2024-12-27,Delivered
12705,2968,2025-05-26,Delivered
12706,930,2024-01-18,Delivered
12707,1422,2025-01-20,Delivered
12708,1864,2024-06-19,Delivered
12709,254,2024-02-10,Delivered
12710,2150,2024-06-16,Delivered
12711,1347,2025-05-24,Delivered
12712,497,2024-08-16,Pending
12713,1284,2025-05-16,Delivered
12714,1374,2024-03-03,Delivered
12715,1893,2024-12-24,Delivered
12716,2783,2024-08-26,Delivered
12717,2252,2024-06-12,Delivered
12718,1141,2024-10-22,Delivered
12719,2911,2024-12-01,Delivered
12720,2338,2024-01-15,Cancelled
12721,65,2024-12-22,Delivered
12722,321,2024-06-13,Delivered
12723,629,2025-03-14,Delivered
12724,243,2024-04-06,Delivered
12725,1459,2024-06-05,Delivered
12726,1014,2025-06-14,Delivered
12727,2919,2024-05-14,Delivered
12728,1421,2024-03-12,Delivered
12729,610,2024-10-27,Delivered
12730,2913,2024-12-08,Delivered
12731,1547,2024-11-05,Delivered
12732,208,2024-08-07,Cancelled
12733,235,2024-02-28,Delivered
12734,2017,2024-06-05,Delivered
12735,1491,2024-01-31,Delivered
12736,1834,2025-04-11,Delivered
12737,2519,2024-05-21,Delivered
12738,2040,2024-12-28,Delivered
12739,2543,2024-05-22,Delivered
12740,2219,2024-12-04,Delivered
12741,2013,2024-02-19,Delivered
12742,371,2024-02-21,Delivered
12743,1453,2024-06-21,Delivered
12744,1294,2024-05-21,Delivered
12745,1616,2024-06-24,Delivered
12746,1172,2024-05-30,Delivered
12747,1817,2025-01-14,Delivered
12748,1175,2024-08-25,Delivered
12749,1662,2024-03-25,Delivered
12750,1186,2025-05-18,Delivered
12751,2675,2024-12-12,Delivered
12752,1117,2024-08-08,Delivered
12753,2185,2024-10-05,Delivered
12754,1801,2024-06-28,Delivered
12755,1149,2024-08-02,Delivered
12756,2381,2024-02-08,Delivered
12757,2749,2025-03-29,Delivered
12758,2232,2024-07-29,Delivered
12759,2833,2025-01-15,Delivered
12760,1299,2024-01-29,Cancelled
12761,2708,2024-02-20,Pending
12762,2594,2024-07-18,Delivered
12763,2241,2024-01-21,Delivered
12764,2472,2025-06-12,Cancelled
12765,2183,2024-01-22,Delivered
12766,1541,2024-10-30,Cancelled
12767,1646,2024-07-10,Delivered
12768,1262,2024-04-24,Delivered
12769,1965,2024-03-17,Delivered
12770,962,2024-06-12,Delivered
12771,2213,2024-01-28,Delivered
12772,1521,2024-11-07,Delivered
12773,1053,2024-05-08,Delivered
12774,398,2024-01-11,Cancelled
12775,738,2024-03-03,Delivered
12776,1892,2025-05-06,Delivered
12777,1104,2024-05-10,Delivered
12778,92,2024-11-11,Delivered
12779,978,2024-08-11,Delivered
12780,1101,2024-09-25,Cancelled
12781,682,2025-04-11,Delivered
12782,833,2025-01-26,Delivered
12783,2119,2024-10-27,Delivered
12784,2229,2024-04-19,Cancelled
12785,2872,2025-04-08,Delivered
12786,328,2024-01-12,Delivered
12787,916,2024-10-31,Delivered
12788,219,2024-12-01,Delivered
12789,1801,2025-05-31,Delivered
12790,33,2024-03-28,Delivered
12791,595,2024-06-06,Delivered
12792,1719,2024-01-07,Delivered
12793,1072,2024-05-14,Delivered
12794,1626,2025-05-22,Delivered
12795,1892,2024-01-05,Delivered
12796,2486,2025-03-06,Delivered
12797,1175,2025-05-25,Delivered
12798,811,2024-03-03,Delivered
12799,1614,2024-07-15,Delivered
12800,192,2025-05-04,Delivered
12801,112,2025-01-28,Delivered
12802,1349,2024-02-06,Cancelled
12803,629,2025-04-17,Delivered
12804,14,2025-03-14,Delivered
12805,2028,2024-06-19,Delivered
12806,2419,2024-08-14,Delivered
12807,398,2024-06-15,Delivered
12808,1673,2024-10-09,Delivered
12809,2945,2025-03-01,Delivered
12810,781,2024-12-30,Delivered
12811,2184,2025-06-12,Cancelled
12812,453,2024-02-23,Cancelled
12813,2762,2025-05-19,Delivered
12814,2,2025-05-10,Delivered
12815,861,2024-07-27,Delivered
12816,2929,2024-03-19,Delivered
12817,1991,2024-05-03,Delivered
12818,609,2025-05-29,Delivered
12819,2341,2024-01-06,Delivered
12820,2667,2024-02-19,Delivered
12821,1462,2024-02-09,Delivered
12822,424,2024-04-03,Delivered
12823,750,2025-03-06,Pending
12824,2815,2024-02-01,Delivered
12825,447,2025-06-10,Delivered
12826,916,2024-08-05,Delivered
12827,395,2024-10-17,Delivered
12828,294,2024-11-18,Cancelled
12829,1571,2025-03-18,Delivered
12830,1193,2024-12-07,Delivered
12831,119,2024-02-03,Delivered
12832,395,2025-03-28,Delivered
12833,99,2024-02-18,Delivered
12834,55,2024-10-15,Pending
12835,512,2025-04-18,Cancelled
12836,2223,2024-10-05,Delivered
12837,31,2024-08-16,Delivered
12838,894,2024-06-27,Delivered
12839,1673,2025-03-04,Delivered
12840,2223,2024-12-21,Cancelled
12841,2023,2025-03-18,Delivered
12842,2960,2025-05-11,Delivered
12843,796,2024-11-19,Delivered
12844,2,2024-07-12,Delivered
12845,101,2024-11-19,Delivered
12846,273,2024-07-13,Pending
12847,2923,2024-04-22,Delivered
12848,1688,2024-07-06,Delivered
12849,2367,2024-09-18,Delivered
12850,2949,2024-05-04,Delivered
12851,2507,2024-06-21,Pending
12852,1231,2024-11-05,Delivered
12853,2592,2024-03-14,Delivered
12854,1295,2024-02-27,Delivered
12855,314,2025-02-26,Delivered
12856,1636,2025-03-31,Delivered
12857,2712,2024-06-20,Delivered
12858,2325,2024-03-16,Delivered
12859,1210,2024-09-08,Pending
12860,2529,2024-04-04,Delivered
12861,1394,2025-04-23,Delivered
12862,2055,2024-02-07,Pending
12863,989,2024-10-01,Delivered
12864,560,2024-07-27,Delivered
12865,920,2024-09-11,Cancelled
12866,2589,2025-02-17,Delivered
12867,2963,2024-05-23,Delivered
12868,767,2025-05-11,Delivered
12869,465,2025-06-17,Delivered
12870,197,2024-08-25,Delivered
12871,2229,2024-07-29,Delivered
12872,1586,2024-05-08,Pending
12873,1658,2025-03-20,Delivered
12874,118,2025-01-31,Delivered
12875,236,2024-09-02,Delivered
12876,2709,2025-01-10,Delivered
12877,1702,2024-07-19,Delivered
12878,634,2025-01-07,Delivered
12879,597,2025-03-23,Delivered
12880,708,2024-08-30,Delivered
12881,178,2024-12-29,Delivered
12882,137,2024-11-04,Delivered
12883,2162,2024-02-09,Delivered
12884,766,2024-02-03,Delivered
12885,1148,2024-05-23,Cancelled
12886,1612,2024-05-16,Cancelled
12887,944,2024-04-13,Cancelled
12888,1439,2025-05-21,Delivered
12889,2563,2024-11-26,Delivered
12890,714,2024-01-23,Delivered
12891,2341,2025-05-08,Delivered
12892,767,2024-06-13,Delivered
12893,537,2025-06-23,Delivered
12894,205,2024-05-03,Delivered
12895,2053,2024-02-16,Delivered
12896,1245,2024-03-12,Delivered
12897,2274,2024-07-29,Delivered
12898,369,2025-05-19,Delivered
12899,1778,2024-10-28,Delivered
12900,29,2024-03-09,Delivered
12901,681,2024-06-22,Delivered
12902,1798,2024-09-24,Delivered
12903,152,2024-10-24,Delivered
12904,1127,2025-04-03,Delivered
12905,1669,2024-01-25,Delivered
12906,2180,2024-01-03,Delivered
12907,2119,2025-01-28,Cancelled
12908,398,2024-02-29,Delivered
12909,216,2025-01-07,Delivered
12910,1125,2024-07-05,Delivered
12911,708,2024-07-30,Delivered
12912,897,2024-03-21,Delivered
12913,1019,2025-02-26,Delivered
12914,1194,2024-04-09,Delivered
12915,1560,2024-01-05,Delivered
12916,18,2024-11-18,Delivered
12917,873,2024-03-23,Delivered
12918,768,2024-04-03,Delivered
12919,683,2024-04-29,Delivered
12920,2333,2024-12-14,Delivered
12921,736,2025-02-14,Delivered
12922,406,2025-05-14,Delivered
12923,2523,2025-06-20,Delivered
12924,1144,2024-05-05,Delivered
12925,529,2024-04-27,Delivered
12926,2229,2024-04-25,Delivered
12927,1942,2024-04-12,Delivered
12928,2823,2024-01-07,Delivered
12929,2598,2024-11-16,Delivered
12930,2085,2024-01-09,Delivered
12931,447,2024-01-22,Delivered
12932,1454,2024-08-04,Delivered
12933,329,2025-03-18,Delivered
12934,1637,2024-09-24,Delivered
12935,2715,2024-08-05,Delivered
12936,2,2024-04-09,Delivered
12937,2593,2025-01-06,Cancelled
12938,1614,2024-06-25,Delivered
12939,408,2025-06-28,Delivered
12940,2530,2024-03-17,Delivered
12941,1610,2025-03-04,Delivered
12942,1336,2025-01-06,Pending
12943,1503,2024-07-18,Delivered
12944,398,2024-08-02,Delivered
12945,313,2025-06-09,Delivered
12946,1959,2025-02-04,Delivered
12947,2599,2024-01-24,Delivered
12948,2086,2024-10-27,Pending
12949,2495,2025-02-08,Cancelled
12950,2509,2024-07-25,Delivered
12951,88,2025-01-12,Delivered
12952,2275,2024-12-07,Delivered
12953,2280,2024-06-28,Delivered
12954,1045,2024-01-04,Pending
12955,1238,2024-01-20,Delivered
12956,2228,2025-01-11,Delivered
12957,2952,2025-02-27,Delivered
12958,2959,2024-07-21,Delivered
12959,1424,2024-09-16,Cancelled
12960,2333,2024-10-07,Delivered
12961,1399,2025-04-27,Delivered
12962,2565,2024-10-12,Delivered
12963,1919,2024-11-07,Delivered
12964,2780,2024-10-31,Delivered
12965,2986,2024-03-12,Delivered
12966,980,2025-01-18,Delivered
12967,2937,2025-05-10,Delivered
12968,2079,2024-03-01,Delivered
12969,694,2024-02-08,Delivered
12970,2,2024-09-23,Cancelled
12971,2051,2025-02-21,Pending
12972,643,2024-02-15,Delivered
12973,673,2025-02-09,Delivered
12974,1644,2024-05-07,Delivered
12975,84,2024-04-10,Cancelled
12976,1258,2024-04-13,Delivered
12977,2367,2024-10-14,Cancelled
12978,65,2024-11-22,Cancelled
12979,1833,2024-09-09,Delivered
12980,431,2024-11-26,Delivered
12981,2549,2025-03-15,Delivered
12982,1170,2025-03-29,Delivered
12983,2400,2025-02-02,Pending
12984,2172,2024-10-11,Delivered
12985,2598,2024-04-29,Delivered
12986,1556,2025-02-10,Delivered
12987,1461,2025-01-02,Delivered
12988,99,2025-04-30,Delivered
12989,1604,2025-01-23,Delivered
12990,1571,2024-03-13,Delivered
12991,1783,2024-11-07,Delivered
12992,363,2025-01-28,Pending
12993,1615,2025-06-28,Delivered
12994,1355,2024-06-28,Delivered
12995,1745,2025-04-14,Delivered
12996,1959,2024-05-31,Delivered
12997,1085,2024-07-24,Delivered
12998,1517,2025-06-09,Delivered
12999,1186,2024-03-30,Delivered
13000,2254,2024-04-22,Cancelled
13001,2354,2025-04-01,Pending
13002,859,2025-05-14,Delivered
13003,751,2024-02-27,Delivered
13004,2026,2025-03-25,Delivered
13005,2285,2024-11-17,Delivered
13006,22,2025-04-24,Delivered
13007,1277,2024-09-28,Delivered
13008,902,2024-11-15,Delivered
13009,2256,2024-05-06,Delivered
13010,391,2024-11-15,Delivered
13011,2303,2024-08-16,Delivered
13012,1959,2024-08-07,Delivered
13013,2503,2024-06-01,Delivered
13014,2964,2024-08-06,Delivered
13015,1432,2024-04-01,Delivered
13016,2101,2025-04-09,Delivered
13017,2132,2024-08-09,Delivered
13018,2508,2024-07-30,Delivered
13019,1559,2025-06-18,Delivered
13020,301,2024-09-22,Delivered
13021,2937,2025-01-18,Delivered
13022,157,2025-06-28,Delivered
13023,2885,2025-04-15,Delivered
13024,738,2024-07-12,Delivered
13025,1482,2024-10-17,Delivered
13026,2834,2025-03-25,Delivered
13027,2019,2024-09-30,Cancelled
13028,1716,2024-05-31,Delivered
13029,964,2024-10-15,Delivered
13030,856,2024-01-14,Delivered
13031,92,2025-04-25,Cancelled
13032,1718,2024-11-20,Delivered
13033,1283,2024-05-19,Delivered
13034,649,2024-09-18,Pending
13035,1147,2024-01-18,Cancelled
13036,2801,2025-03-05,Delivered
13037,2515,2024-10-16,Delivered
13038,1284,2024-01-03,Delivered
13039,2939,2024-09-07,Cancelled
13040,1383,2024-02-08,Delivered
13041,1039,2024-07-30,Delivered
13042,1160,2025-04-14,Delivered
13043,2587,2024-12-23,Delivered
13044,779,2024-09-19,Delivered
13045,641,2024-10-06,Delivered
13046,2879,2024-10-03,Delivered
13047,2196,2024-02-23,Delivered
13048,2249,2024-05-02,Delivered
13049,2213,2025-03-21,Delivered
13050,2047,2025-05-20,Delivered
13051,257,2024-03-20,Pending
13052,2229,2025-05-14,Delivered
13053,726,2024-01-17,Delivered
13054,369,2024-10-09,Delivered
13055,2943,2025-03-27,Delivered
13056,65,2024-04-28,Delivered
13057,85,2025-06-02,Delivered
13058,912,2025-06-20,Delivered
13059,2506,2024-08-19,Delivered
13060,2932,2025-05-02,Delivered
13061,329,2024-02-13,Delivered
13062,1187,2024-10-11,Delivered
13063,2196,2024-06-08,Pending
13064,1911,2024-12-08,Delivered
13065,681,2024-05-16,Delivered
13066,976,2024-08-28,Delivered
13067,1740,2025-02-03,Delivered
13068,94,2024-04-22,Delivered
13069,2229,2025-04-04,Delivered
13070,795,2025-01-07,Delivered
13071,2453,2024-05-16,Delivered
13072,2049,2024-12-31,Pending
13073,1910,2024-06-22,Delivered
13074,2260,2024-10-25,Delivered
13075,215,2024-11-29,Delivered
13076,755,2025-03-20,Delivered
13077,1570,2024-07-09,Delivered
13078,2303,2024-09-03,Delivered
13079,2515,2024-08-29,Cancelled
13080,1140,2025-04-15,Pending
13081,2349,2025-04-04,Delivered
13082,635,2024-04-28,Delivered
13083,240,2024-02-27,Delivered
13084,719,2025-06-09,Cancelled
13085,2677,2024-04-01,Delivered
13086,1626,2024-04-21,Cancelled
13087,1453,2024-03-05,Delivered
13088,2223,2024-03-28,Delivered
13089,20,2024-02-04,Delivered
13090,329,2024-11-25,Delivered
13091,284,2024-10-05,Delivered
13092,333,2024-02-20,Delivered
13093,1353,2024-12-22,Delivered
13094,820,2024-04-01,Delivered
13095,2328,2024-10-20,Delivered
13096,2488,2025-02-02,Delivered
13097,2740,2024-08-20,Delivered
13098,561,2024-06-17,Delivered
13099,1513,2025-05-04,Delivered
13100,133,2025-03-12,Delivered
13101,703,2025-04-06,Delivered
13102,1801,2024-03-25,Delivered
13103,1273,2024-05-29,Cancelled
13104,2075,2024-07-29,Delivered
13105,2488,2024-04-01,Delivered
13106,168,2024-07-29,Delivered
13107,2789,2024-05-15,Delivered
13108,113,2024-09-19,Delivered
13109,2941,2025-01-21,Delivered
13110,1879,2024-08-12,Delivered
13111,118,2025-01-29,Delivered
13112,1178,2024-07-30,Delivered
13113,750,2024-09-26,Delivered
13114,2361,2024-06-28,Delivered
13115,652,2024-02-16,Delivered
13116,2451,2024-01-09,Delivered
13117,916,2024-04-10,Delivered
13118,2961,2024-12-02,Delivered
13119,787,2024-02-24,Delivered
13120,2057,2024-09-15,Delivered
13121,2369,2024-03-13,Delivered
13122,626,2024-07-22,Pending
13123,217,2024-05-27,Delivered
13124,1641,2024-04-25,Delivered
13125,2021,2024-10-08,Delivered
13126,2422,2025-05-01,Delivered
13127,789,2024-12-22,Delivered
13128,2582,2024-05-09,Delivered
13129,2712,2025-04-08,Delivered
13130,2308,2025-05-17,Delivered
13131,14,2025-02-17,Delivered
13132,251,2024-04-28,Delivered
13133,2988,2024-04-01,Delivered
13134,2193,2025-06-14,Delivered
13135,1848,2025-04-30,Pending
13136,2673,2024-08-17,Delivered
13137,103,2024-09-06,Delivered
13138,2229,2024-10-17,Delivered
13139,1934,2025-04-30,Delivered
13140,2514,2024-06-12,Delivered
13141,2303,2025-01-05,Pending
13142,1458,2025-05-27,Delivered
13143,197,2024-06-12,Delivered
13144,2693,2024-06-03,Delivered
13145,2249,2024-03-14,Delivered
13146,1067,2025-02-02,Cancelled
13147,2945,2024-05-28,Delivered
13148,915,2024-01-12,Cancelled
13149,1106,2024-10-01,Delivered
13150,2923,2024-11-01,Delivered
13151,1983,2024-01-10,Pending
13152,2598,2025-02-08,Pending
13153,2626,2024-11-01,Delivered
13154,1609,2024-09-14,Delivered
13155,775,2024-07-06,Delivered
13156,2513,2024-12-17,Delivered
13157,1506,2025-02-13,Cancelled
13158,1673,2025-02-23,Delivered
13159,1620,2024-07-30,Delivered
13160,18,2024-09-30,Delivered
13161,118,2024-05-18,Pending
13162,1801,2024-04-29,Delivered
13163,2352,2025-04-15,Delivered
13164,1366,2024-08-04,Delivered
13165,547,2024-05-29,Delivered
13166,1224,2025-02-03,Delivered
13167,2263,2025-01-15,Pending
13168,307,2024-05-28,Delivered
13169,1666,2024-04-05,Delivered
13170,2114,2024-12-11,Delivered
13171,1256,2025-05-16,Delivered
13172,1768,2024-03-21,Delivered
13173,2610,2024-05-10,Pending
13174,611,2025-05-22,Delivered
13175,374,2025-02-04,Delivered
13176,175,2024-11-25,Delivered
13177,2176,2024-07-02,Delivered
13178,2671,2024-09-12,Delivered
13179,2074,2024-04-13,Delivered
13180,2929,2025-03-19,Delivered
13181,2127,2024-09-30,Delivered
13182,842,2025-03-11,Delivered
13183,738,2025-04-24,Delivered
13184,1977,2024-02-23,Delivered
13185,2018,2025-04-15,Delivered
13186,1579,2024-06-16,Delivered
13187,1582,2024-06-27,Delivered
13188,1258,2024-09-07,Delivered
13189,1044,2024-06-11,Delivered
13190,1864,2024-07-04,Delivered
13191,2229,2025-01-13,Cancelled
13192,2409,2024-06-22,Delivered
13193,902,2024-11-27,Delivered
13194,2536,2024-07-11,Delivered
13195,892,2024-06-26,Delivered
13196,895,2024-03-18,Delivered
13197,2378,2025-04-16,Delivered
13198,2910,2024-03-06,Delivered
13199,2763,2024-10-29,Delivered
13200,313,2024-05-22,Delivered
13201,842,2025-06-23,Delivered
13202,2231,2024-02-08,Delivered
13203,2378,2024-08-20,Delivered
13204,1517,2024-10-05,Delivered
13205,31,2025-06-22,Delivered
13206,1506,2024-03-24,Delivered
13207,84,2025-03-30,Pending
13208,822,2024-02-06,Delivered
13209,1941,2024-06-07,Pending
13210,371,2025-04-02,Delivered
13211,2138,2024-07-24,Delivered
13212,1819,2024-11-16,Delivered
13213,1281,2024-08-01,Delivered
13214,1112,2025-05-05,Delivered
13215,2709,2024-02-20,Delivered
13216,1650,2025-06-20,Pending
13217,2632,2024-05-07,Delivered
13218,1246,2024-11-20,Delivered
13219,1740,2024-05-22,Delivered
13220,2847,2025-03-10,Delivered
13221,339,2025-01-19,Cancelled
13222,759,2024-03-28,Delivered
13223,2715,2024-05-14,Delivered
13224,1273,2025-01-16,Delivered
13225,787,2024-10-01,Delivered
13226,2987,2024-10-27,Delivered
13227,291,2024-07-19,Delivered
13228,1800,2025-01-04,Cancelled
13229,2332,2025-05-22,Pending
13230,2330,2024-02-27,Delivered
13231,1320,2025-01-13,Delivered
13232,118,2025-05-25,Cancelled
13233,2496,2024-05-01,Delivered
13234,2375,2024-08-15,Delivered
13235,689,2024-11-05,Delivered
13236,1014,2025-02-27,Delivered
13237,1543,2025-01-10,Delivered
13238,314,2025-06-24,Pending
13239,2436,2024-10-31,Delivered
13240,2730,2025-04-21,Delivered
13241,904,2024-10-10,Delivered
13242,2737,2024-06-19,Pending
13243,2373,2025-01-03,Delivered
13244,2180,2024-08-07,Delivered
13245,2909,2024-12-25,Delivered
13246,962,2024-12-20,Cancelled
13247,2710,2024-02-10,Delivered
13248,279,2024-10-20,Pending
13249,1434,2024-01-08,Delivered
13250,1644,2024-08-12,Delivered
13251,336,2024-12-24,Delivered
13252,2206,2024-12-22,Delivered
13253,1427,2024-02-26,Pending
13254,1360,2025-05-11,Delivered
13255,1709,2025-02-06,Delivered
13256,371,2024-06-17,Delivered
13257,574,2024-09-02,Delivered
13258,520,2024-03-11,Delivered
13259,2840,2024-07-16,Cancelled
13260,2281,2025-01-03,Delivered
13261,1592,2025-04-26,Delivered
13262,1952,2024-11-17,Cancelled
13263,1920,2024-06-03,Delivered
13264,758,2025-05-09,Pending
13265,249,2024-10-24,Delivered
13266,1654,2025-02-09,Delivered
13267,761,2025-01-21,Delivered
13268,2585,2024-08-04,Cancelled
13269,683,2024-01-12,Pending
13270,1695,2024-12-11,Delivered
13271,1266,2025-05-02,Delivered
13272,2221,2025-04-15,Delivered
13273,2834,2025-04-14,Delivered
13274,1244,2024-07-08,Delivered
13275,118,2025-05-09,Delivered
13276,1959,2024-01-08,Delivered
13277,356,2024-06-21,Delivered
13278,294,2024-12-07,Pending
13279,1959,2024-06-18,Delivered
13280,291,2024-01-15,Delivered
13281,355,2024-04-05,Delivered
13282,1308,2025-05-26,Delivered
13283,1349,2024-08-21,Cancelled
13284,2708,2024-04-01,Delivered
13285,796,2024-12-04,Delivered
13286,1208,2024-07-23,Delivered
13287,2124,2024-08-02,Delivered
13288,2453,2025-05-31,Delivered
13289,1039,2024-10-23,Delivered
13290,1856,2024-02-13,Delivered
13291,1833,2025-05-29,Delivered
13292,892,2024-01-03,Delivered
13293,329,2025-01-09,Delivered
13294,2044,2024-02-26,Delivered
13295,780,2024-05-28,Delivered
13296,935,2025-06-22,Delivered
13297,1695,2024-04-02,Delivered
13298,445,2025-06-14,Cancelled
13299,709,2024-06-08,Delivered
13300,1332,2024-07-28,Delivered
13301,2598,2025-05-26,Pending
13302,2281,2025-02-09,Delivered
13303,933,2024-06-09,Pending
13304,889,2025-02-05,Delivered
13305,2956,2024-09-17,Delivered
13306,1930,2024-02-24,Delivered
13307,2059,2024-05-17,Delivered
13308,152,2024-05-08,Delivered
13309,294,2024-09-15,Delivered
13310,860,2025-04-30,Delivered
13311,2499,2024-11-06,Delivered
13312,2696,2024-03-31,Delivered
13313,552,2024-11-27,Pending
13314,2146,2024-10-11,Pending
13315,2586,2024-07-30,Delivered
13316,2598,2024-05-13,Delivered
13317,1373,2025-01-24,Delivered
13318,750,2024-10-31,Delivered
13319,2861,2024-08-22,Delivered
13320,798,2024-04-17,Delivered
13321,738,2024-03-06,Delivered
13322,595,2024-04-27,Cancelled
13323,1601,2024-12-04,Delivered
13324,299,2024-01-26,Delivered
13325,1692,2024-02-09,Delivered
13326,2818,2025-06-24,Delivered
13327,1520,2024-05-26,Delivered
13328,2897,2024-03-02,Delivered
13329,2688,2025-06-10,Delivered
13330,2343,2024-08-14,Pending
13331,1791,2024-01-01,Pending
13332,2600,2024-08-15,Delivered
13333,1655,2024-01-12,Delivered
13334,597,2024-06-14,Delivered
13335,2741,2025-05-31,Pending
13336,1508,2025-03-09,Delivered
13337,2692,2024-08-16,Delivered
13338,1175,2024-07-03,Delivered
13339,1001,2024-11-14,Delivered
13340,2256,2024-12-07,Delivered
13341,1864,2025-02-18,Cancelled
13342,1310,2024-10-23,Delivered
13343,2598,2024-02-12,Delivered
13344,1554,2025-04-16,Delivered
13345,28,2024-07-02,Delivered
13346,2083,2025-03-23,Delivered
13347,178,2025-03-18,Delivered
13348,1452,2024-04-28,Delivered
13349,557,2024-10-08,Delivered
13350,709,2025-02-13,Delivered
13351,2939,2024-07-14,Delivered
13352,313,2025-03-08,Delivered
13353,2229,2024-10-12,Delivered
13354,1877,2025-05-16,Delivered
13355,561,2025-05-04,Delivered
13356,2774,2025-06-09,Delivered
13357,580,2024-04-30,Delivered
13358,1552,2025-02-06,Delivered
13359,2337,2025-02-14,Cancelled
13360,2249,2024-09-02,Delivered
13361,941,2024-04-01,Delivered
13362,2488,2024-06-08,Cancelled
13363,2885,2024-10-08,Cancelled
13364,1424,2025-04-17,Delivered
13365,1928,2025-05-15,Delivered
13366,1097,2025-05-14,Cancelled
13367,1059,2025-05-31,Delivered
13368,1411,2024-02-23,Pending
13369,564,2025-06-27,Delivered
13370,2071,2024-10-29,Delivered
13371,465,2024-02-24,Delivered
13372,7,2024-03-11,Delivered
13373,1309,2024-05-19,Delivered
13374,217,2024-05-17,Delivered
13375,1670,2024-03-01,Delivered
13376,1564,2024-07-28,Delivered
13377,376,2024-10-25,Cancelled
13378,717,2024-06-18,Delivered
13379,54,2024-12-30,Delivered
13380,1739,2025-01-25,Cancelled
13381,858,2024-08-06,Delivered
13382,2140,2024-02-13,Delivered
13383,1852,2024-06-19,Delivered
13384,1117,2024-12-01,Delivered
13385,48,2024-08-02,Delivered
13386,944,2024-11-13,Delivered
13387,962,2025-04-05,Delivered
13388,988,2025-03-05,Delivered
13389,2844,2024-12-06,Delivered
13390,465,2024-02-22,Delivered
13391,787,2025-02-11,Delivered
13392,2463,2024-06-30,Delivered
13393,2741,2024-08-14,Delivered
13394,1407,2025-01-15,Delivered
13395,1615,2025-03-30,Delivered
13396,143,2025-01-23,Cancelled
13397,2382,2024-06-13,Delivered
13398,1740,2024-09-02,Delivered
13399,1439,2024-07-16,Delivered
13400,891,2024-09-09,Delivered
13401,1323,2025-02-17,Delivered
13402,2200,2025-06-10,Delivered
13403,234,2024-08-01,Delivered
13404,1525,2024-06-27,Delivered
13405,93,2025-04-27,Cancelled
13406,2281,2024-03-22,Delivered
13407,606,2024-08-01,Delivered
13408,2677,2025-06-04,Delivered
13409,1430,2025-04-26,Delivered
13410,1367,2025-03-18,Delivered
13411,1081,2025-04-30,Delivered
13412,1554,2024-05-09,Delivered
13413,1008,2024-02-01,Delivered
13414,1080,2025-04-13,Delivered
13415,561,2024-09-25,Delivered
13416,1023,2024-05-17,Delivered
13417,2399,2024-09-17,Delivered
13418,717,2025-03-27,Delivered
13419,2438,2024-09-25,Delivered
13420,2542,2024-12-09,Delivered
13421,1974,2024-10-07,Cancelled
13422,83,2024-09-20,Cancelled
13423,1668,2025-06-04,Pending
13424,2466,2025-05-21,Delivered
13425,1099,2024-08-19,Delivered
13426,829,2025-03-17,Delivered
13427,950,2025-01-29,Delivered
13428,1273,2024-03-11,Delivered
13429,192,2025-04-07,Delivered
13430,691,2025-01-20,Delivered
13431,1915,2025-04-12,Cancelled
13432,1421,2025-03-07,Delivered
13433,722,2025-05-25,Delivered
13434,2758,2024-10-22,Pending
13435,866,2024-02-03,Delivered
13436,357,2024-05-30,Delivered
13437,571,2024-03-20,Pending
13438,870,2024-05-08,Delivered
13439,1574,2024-11-08,Delivered
13440,190,2025-06-15,Delivered
13441,2529,2025-02-20,Delivered
13442,2598,2024-08-26,Cancelled
13443,936,2024-09-24,Delivered
13444,2294,2024-10-10,Delivered
13445,1759,2024-08-12,Cancelled
13446,2512,2024-11-22,Delivered
13447,799,2025-05-29,Delivered
13448,1798,2024-02-24,Delivered
13449,205,2024-07-13,Delivered
13450,18,2024-02-14,Delivered
13451,2587,2025-04-09,Delivered
13452,860,2024-04-18,Delivered
13453,1330,2024-12-22,Delivered
13454,673,2024-02-05,Delivered
13455,2597,2024-09-17,Delivered
13456,1148,2025-05-05,Delivered
13457,514,2025-06-04,Delivered
13458,1791,2024-03-21,Delivered
13459,595,2024-12-27,Delivered
13460,758,2024-05-03,Delivered
13461,2000,2025-02-02,Delivered
13462,2874,2024-10-20,Delivered
13463,2229,2025-03-11,Delivered
13464,339,2025-05-04,Delivered
13465,916,2024-07-12,Delivered
13466,2354,2024-01-27,Delivered
13467,795,2024-06-22,Pending
13468,2213,2024-04-27,Cancelled
13469,1416,2024-03-08,Delivered
13470,2613,2025-01-26,Delivered
13471,1075,2025-05-07,Delivered
13472,2769,2024-10-10,Delivered
13473,1229,2024-10-17,Delivered
13474,2176,2024-11-20,Delivered
13475,561,2025-05-05,Delivered
13476,1595,2024-01-10,Delivered
13477,913,2024-10-14,Delivered
13478,28,2025-04-18,Delivered
13479,1304,2024-03-29,Cancelled
13480,486,2024-11-11,Delivered
13481,2872,2024-01-05,Delivered
13482,2385,2025-03-31,Delivered
13483,2213,2024-12-23,Delivered
13484,1353,2025-06-10,Delivered
13485,750,2024-06-12,Delivered
13486,961,2025-02-03,Delivered
13487,592,2025-02-24,Delivered
13488,1643,2024-01-17,Delivered
13489,2399,2025-02-18,Delivered
13490,538,2025-01-23,Delivered
13491,6,2024-12-01,Delivered
13492,341,2024-11-03,Delivered
13493,1375,2025-03-12,Delivered
13494,36,2024-02-26,Cancelled
13495,1216,2024-08-02,Delivered
13496,313,2024-05-27,Delivered
13497,302,2025-04-06,Delivered
13498,2139,2024-04-02,Delivered
13499,2998,2024-02-03,Cancelled
13500,560,2025-05-19,Delivered
13501,671,2024-08-04,Cancelled
13502,870,2025-03-10,Delivered
13503,2328,2024-05-07,Cancelled
13504,1521,2025-01-17,Delivered
13505,1692,2025-05-20,Delivered
13506,1631,2025-02-20,Delivered
13507,2783,2024-06-09,Delivered
13508,93,2024-11-24,Pending
13509,430,2025-03-29,Delivered
13510,1140,2025-04-11,Delivered
13511,1464,2024-06-12,Delivered
13512,313,2024-05-04,Delivered
13513,2655,2024-08-24,Delivered
13514,2023,2024-05-16,Delivered
13515,2763,2025-01-28,Delivered
13516,2801,2024-11-19,Pending
13517,1543,2024-09-18,Cancelled
13518,2524,2025-03-18,Delivered
13519,2204,2024-04-26,Delivered
13520,1081,2025-04-01,Cancelled
13521,1942,2024-11-03,Delivered
13522,2842,2025-06-17,Delivered
13523,2251,2024-11-23,Pending
13524,2130,2025-02-20,Delivered
13525,641,2024-04-13,Delivered
13526,2457,2024-05-07,Cancelled
13527,1165,2024-10-30,Delivered
13528,1833,2024-05-05,Delivered
13529,2022,2024-01-25,Delivered
13530,1552,2024-08-31,Delivered
13531,465,2024-05-23,Delivered
13532,2094,2024-12-20,Delivered
13533,722,2024-11-10,Cancelled
13534,769,2024-10-07,Delivered
13535,345,2025-03-29,Delivered
13536,1816,2024-02-06,Delivered
13537,323,2025-03-04,Cancelled
13538,1023,2024-09-20,Delivered
13539,2636,2025-01-15,Pending
13540,1352,2025-03-22,Delivered
13541,2662,2024-06-13,Delivered
13542,1484,2024-05-11,Cancelled
13543,513,2025-02-15,Delivered
13544,2229,2024-12-12,Delivered
13545,1054,2024-04-11,Delivered
13546,2898,2024-05-27,Delivered
13547,758,2025-04-11,Delivered
13548,2443,2024-10-30,Delivered
13549,1489,2025-05-12,Delivered
13550,2501,2025-01-17,Delivered
13551,526,2024-04-22,Delivered
13552,1864,2024-04-23,Delivered
13553,313,2025-06-11,Delivered
13554,2378,2025-02-07,Delivered
13555,683,2024-11-20,Delivered
13556,1277,2025-01-04,Delivered
13557,1940,2024-08-14,Delivered
13558,1434,2024-06-19,Delivered
13559,2307,2025-03-25,Delivered
13560,2065,2025-05-03,Delivered
13561,360,2025-05-09,Delivered
13562,2281,2025-03-02,Delivered
13563,1273,2025-04-20,Cancelled
13564,1750,2024-10-11,Delivered
13565,626,2024-06-18,Delivered
13566,1273,2024-02-15,Delivered
13567,2422,2024-06-17,Delivered
13568,2747,2024-08-28,Delivered
13569,2790,2024-02-15,Delivered
13570,2103,2024-06-29,Delivered
13571,226,2025-05-22,Delivered
13572,1321,2024-05-23,Delivered
13573,559,2024-08-02,Delivered
13574,2094,2024-12-17,Pending
13575,447,2025-04-28,Cancelled
13576,2931,2025-05-18,Pending
13577,560,2025-03-19,Delivered
13578,143,2024-03-21,Delivered
13579,2505,2024-03-01,Delivered
13580,585,2025-02-08,Delivered
13581,54,2025-04-28,Delivered
13582,1636,2024-12-05,Delivered
13583,2909,2025-05-14,Delivered
13584,778,2024-12-30,Cancelled
13585,1233,2024-07-10,Delivered
13586,689,2025-04-06,Delivered
13587,1663,2025-02-17,Cancelled
13588,956,2024-07-23,Delivered
13589,1737,2024-11-17,Delivered
13590,1434,2024-11-12,Delivered
13591,2750,2024-02-24,Delivered
13592,1991,2024-05-31,Delivered
13593,2044,2024-05-04,Delivered
13594,1461,2024-06-04,Delivered
13595,892,2024-10-13,Delivered
13596,924,2024-10-07,Delivered
13597,1517,2025-04-13,Delivered
13598,556,2024-01-04,Delivered
13599,369,2025-03-26,Delivered
13600,1112,2024-05-15,Delivered
13601,360,2024-07-10,Delivered
13602,673,2024-03-23,Pending
13603,1605,2024-01-08,Pending
13604,2336,2024-03-06,Delivered
13605,650,2024-05-02,Delivered
13606,2341,2024-07-29,Delivered
13607,31,2024-06-19,Delivered
13608,2985,2024-02-26,Cancelled
13609,1556,2024-07-03,Delivered
13610,1429,2024-03-25,Delivered
13611,1924,2025-01-08,Delivered
13612,1427,2024-12-31,Delivered
13613,1232,2024-02-04,Delivered
13614,1107,2024-12-21,Delivered
13615,2932,2025-05-10,Pending
13616,2542,2025-05-30,Delivered
13617,1508,2024-01-31,Delivered
13618,2479,2025-05-17,Delivered
13619,400,2024-08-10,Cancelled
13620,1592,2025-04-22,Delivered
13621,1340,2024-04-21,Delivered
13622,962,2025-01-12,Delivered
13623,2715,2025-03-14,Delivered
13624,2463,2024-05-25,Delivered
13625,2692,2025-02-06,Delivered
13626,1864,2024-04-07,Delivered
13627,1125,2025-01-22,Delivered
13628,2229,2025-06-02,Pending
13629,307,2024-06-12,Delivered
13630,2525,2025-06-07,Delivered
13631,72,2024-12-30,Delivered
13632,2427,2024-10-02,Delivered
13633,2119,2024-06-27,Delivered
13634,253,2024-10-26,Delivered
13635,397,2025-06-21,Delivered
13636,1350,2024-01-03,Delivered
13637,879,2025-04-17,Delivered
13638,2565,2024-03-22,Delivered
13639,559,2025-04-23,Delivered
13640,1259,2024-10-25,Pending
13641,756,2025-05-05,Cancelled
13642,347,2024-04-09,Delivered
13643,752,2024-01-27,Cancelled
13644,2542,2024-09-18,Delivered
13645,2147,2025-02-28,Delivered
13646,2709,2025-03-10,Delivered
13647,1223,2025-02-21,Pending
13648,705,2025-03-13,Delivered
13649,63,2025-02-27,Delivered
13650,1491,2025-04-15,Delivered
13651,103,2024-04-03,Delivered
13652,6,2024-05-08,Delivered
13653,1778,2024-01-02,Cancelled
13654,465,2024-08-23,Delivered
13655,1666,2024-05-23,Delivered
13656,1696,2024-12-08,Delivered
13657,2172,2024-10-28,Pending
13658,1144,2024-11-13,Delivered
13659,2119,2024-12-25,Delivered
13660,1099,2025-06-29,Delivered
13661,274,2024-02-28,Delivered
13662,913,2024-05-30,Delivered
13663,14,2024-08-15,Delivered
13664,1384,2024-02-08,Delivered
13665,2213,2025-03-22,Delivered
13666,2326,2024-07-30,Cancelled
13667,676,2024-04-01,Delivered
13668,294,2024-10-09,Pending
13669,535,2024-04-14,Cancelled
13670,2945,2024-07-30,Cancelled
13671,916,2024-12-17,Delivered
13672,1281,2024-06-23,Pending
13673,217,2025-03-30,Delivered
13674,2333,2024-05-20,Delivered
13675,1338,2024-03-03,Delivered
13676,252,2024-08-21,Cancelled
13677,1422,2024-04-14,Pending
13678,2141,2025-01-11,Delivered
13679,1422,2024-10-13,Delivered
13680,2908,2024-03-22,Delivered
13681,2582,2024-07-02,Delivered
13682,1552,2025-04-17,Delivered
13683,2799,2025-03-23,Delivered
13684,2399,2024-12-16,Delivered
13685,1104,2025-05-08,Delivered
13686,2278,2024-02-28,Delivered
13687,1521,2025-02-03,Delivered
13688,1614,2024-01-13,Delivered
13689,1565,2024-11-23,Delivered
13690,2375,2024-01-29,Delivered
13691,2716,2024-07-05,Delivered
13692,941,2024-02-19,Delivered
13693,1898,2024-05-18,Delivered
13694,1852,2024-12-17,Delivered
13695,2624,2025-03-03,Delivered
13696,1334,2025-05-28,Delivered
13697,547,2025-06-23,Delivered
13698,588,2024-03-13,Cancelled
13699,138,2025-05-17,Delivered
13700,289,2024-06-04,Pending
13701,884,2025-04-27,Delivered
13702,291,2025-04-17,Delivered
13703,2580,2025-05-16,Delivered
13704,1088,2024-10-03,Delivered
13705,1104,2025-02-13,Delivered
13706,2229,2024-08-21,Delivered
13707,884,2024-02-12,Delivered
13708,2146,2024-09-15,Delivered
13709,2444,2024-04-19,Delivered
13710,1081,2024-02-25,Delivered
13711,1434,2024-03-14,Delivered
13712,953,2024-04-29,Delivered
13713,1273,2025-03-10,Delivered
13714,1708,2025-06-09,Delivered
13715,1042,2025-04-09,Delivered
13716,1394,2024-12-17,Delivered
13717,1491,2025-04-26,Cancelled
13718,54,2024-06-05,Delivered
13719,460,2025-05-10,Delivered
13720,1620,2025-06-01,Delivered
13721,2,2024-03-22,Cancelled
13722,2119,2024-08-05,Delivered
13723,2687,2024-06-02,Delivered
13724,2229,2024-03-17,Delivered
13725,924,2024-04-04,Delivered
13726,1339,2025-06-11,Delivered
13727,1926,2024-04-09,Delivered
13728,2035,2024-12-29,Delivered
13729,2931,2025-04-21,Delivered
13730,1487,2025-02-15,Delivered
13731,727,2024-09-04,Delivered
13732,1088,2024-01-13,Delivered
13733,2731,2024-08-16,Delivered
13734,1859,2024-06-03,Delivered
13735,2559,2025-04-17,Delivered
13736,2172,2025-05-31,Delivered
13737,2897,2024-05-06,Delivered
13738,1504,2024-03-25,Delivered
13739,2834,2025-03-23,Cancelled
13740,2620,2025-04-21,Delivered
13741,2503,2025-06-20,Delivered
13742,2793,2025-02-24,Delivered
13743,1581,2024-09-10,Delivered
13744,2220,2024-07-25,Delivered
13745,1656,2024-02-02,Cancelled
13746,2298,2025-04-29,Delivered
13747,2249,2025-06-26,Pending
13748,2229,2025-05-18,Delivered
13749,1279,2024-11-09,Delivered
13750,2354,2025-04-18,Delivered
13751,2596,2024-01-02,Delivered
13752,1868,2024-08-10,Delivered
13753,1357,2024-02-28,Delivered
13754,2525,2024-11-16,Delivered
13755,2305,2024-01-02,Cancelled
13756,1411,2024-06-16,Delivered
13757,1708,2024-08-17,Delivered
13758,2059,2024-03-11,Delivered
13759,2067,2024-02-17,Delivered
13760,915,2025-05-07,Delivered
13761,858,2024-05-28,Delivered
13762,2623,2025-06-19,Delivered
13763,2782,2024-07-21,Cancelled
13764,1212,2024-02-01,Delivered
13765,2705,2024-02-26,Cancelled
13766,1412,2025-01-10,Delivered
13767,465,2024-01-07,Cancelled
13768,2190,2025-06-02,Delivered
13769,119,2024-05-19,Delivered
13770,313,2024-11-27,Delivered
13771,2802,2024-08-30,Pending
13772,1557,2024-01-26,Cancelled
13773,772,2025-01-18,Delivered
13774,1449,2024-01-09,Delivered
13775,1702,2025-03-11,Cancelled
13776,1887,2024-10-02,Delivered
13777,1036,2024-06-14,Delivered
13778,1159,2025-05-28,Pending
13779,1637,2024-04-20,Delivered
13780,1848,2024-06-01,Delivered
13781,2725,2024-12-18,Delivered
13782,1174,2024-07-10,Delivered
13783,2587,2024-09-22,Delivered
13784,2970,2025-03-10,Cancelled
13785,1010,2025-05-13,Delivered
13786,65,2025-03-13,Delivered
13787,1778,2024-02-13,Delivered
13788,2679,2025-05-30,Delivered
13789,145,2024-08-17,Delivered
13790,564,2025-04-02,Delivered
13791,2019,2024-06-05,Delivered
13792,2392,2024-11-20,Delivered
13793,249,2025-06-10,Delivered
13794,1094,2025-05-27,Cancelled
13795,695,2024-12-23,Delivered
13796,2894,2024-12-01,Delivered
13797,2044,2024-01-17,Cancelled
13798,1427,2024-11-24,Delivered
13799,2545,2024-08-17,Delivered
13800,1613,2024-01-09,Delivered
13801,2698,2025-05-31,Delivered
13802,695,2024-09-05,Delivered
13803,65,2025-02-24,Delivered
13804,1279,2024-01-24,Delivered
13805,592,2024-05-13,Delivered
13806,2474,2025-05-05,Delivered
13807,1603,2025-05-26,Delivered
13808,844,2024-01-06,Delivered
13809,2281,2025-05-02,Delivered
13810,1582,2024-06-16,Delivered
13811,1512,2024-04-27,Delivered
13812,520,2025-06-27,Pending
13813,2979,2024-10-18,Delivered
13814,1951,2025-03-10,Delivered
13815,2529,2024-03-16,Delivered
13816,2231,2025-02-17,Delivered
13817,1513,2024-07-19,Delivered
13818,18,2025-01-24,Delivered
13819,1977,2024-12-24,Delivered
13820,289,2024-01-28,Delivered
13821,2881,2025-04-22,Delivered
13822,726,2024-06-06,Delivered
13823,1103,2024-07-18,Delivered
13824,1642,2025-03-11,Delivered
13825,1511,2025-04-23,Delivered
13826,1936,2025-05-03,Delivered
13827,2319,2024-09-05,Delivered
13828,2229,2024-07-10,Delivered
13829,2692,2025-03-23,Delivered
13830,1412,2024-05-21,Cancelled
13831,1604,2024-12-17,Cancelled
13832,2586,2024-05-08,Delivered
13833,826,2024-04-24,Cancelled
13834,717,2024-10-26,Delivered
13835,18,2025-04-17,Delivered
13836,2210,2024-06-08,Pending
13837,2062,2025-01-31,Delivered
13838,799,2024-01-12,Delivered
13839,359,2025-01-16,Delivered
13840,113,2024-08-01,Delivered
13841,1464,2024-02-10,Delivered
13842,559,2024-10-29,Delivered
13843,2348,2024-05-10,Delivered
13844,2834,2024-12-12,Delivered
13845,2303,2024-01-24,Delivered
13846,2523,2024-07-06,Delivered
13847,2967,2024-05-08,Delivered
13848,2213,2024-06-20,Delivered
13849,1678,2024-01-05,Pending
13850,2394,2024-06-03,Delivered
13851,1673,2024-02-18,Delivered
13852,1292,2024-12-06,Delivered
13853,90,2024-09-07,Cancelled
13854,1901,2024-06-03,Delivered
13855,2667,2024-12-02,Delivered
13856,2083,2025-05-15,Cancelled
13857,1220,2024-10-22,Delivered
13858,1803,2024-06-02,Delivered
13859,2407,2024-08-08,Delivered
13860,2252,2025-03-07,Delivered
13861,1478,2024-02-24,Cancelled
13862,1085,2024-06-23,Delivered
13863,1193,2024-09-13,Cancelled
13864,2692,2024-12-12,Delivered
13865,473,2024-11-10,Delivered
13866,2551,2025-01-16,Delivered
13867,561,2025-05-28,Delivered
13868,2941,2024-04-05,Delivered
13869,1337,2024-09-18,Delivered
13870,2191,2024-07-26,Delivered
13871,2182,2024-02-18,Delivered
13872,2281,2024-03-10,Delivered
13873,2333,2024-12-09,Delivered
13874,103,2024-10-05,Cancelled
13875,791,2024-06-08,Delivered
13876,671,2025-05-11,Delivered
13877,2097,2024-06-18,Delivered
13878,2048,2024-11-21,Delivered
13879,871,2025-06-23,Delivered
13880,2348,2025-01-18,Delivered
13881,916,2025-02-01,Delivered
13882,1022,2024-06-03,Delivered
13883,1201,2025-05-14,Delivered
13884,2224,2024-09-12,Delivered
13885,24,2024-06-13,Delivered
13886,2691,2025-02-08,Delivered
13887,2078,2024-10-16,Delivered
13888,1719,2024-03-12,Delivered
13889,689,2024-01-11,Delivered
13890,2328,2024-03-07,Delivered
13891,2582,2024-03-28,Delivered
13892,1504,2024-05-02,Delivered
13893,856,2024-07-07,Delivered
13894,1138,2024-05-09,Delivered
13895,1258,2025-05-08,Delivered
13896,897,2025-06-09,Delivered
13897,2138,2025-06-14,Pending
13898,1018,2024-03-27,Delivered
13899,2438,2024-10-18,Delivered
13900,1393,2024-02-27,Delivered
13901,1852,2025-01-22,Delivered
13902,2830,2024-03-16,Delivered
13903,1332,2024-06-07,Delivered
13904,477,2024-04-20,Delivered
13905,1637,2024-09-19,Delivered
13906,1491,2024-07-20,Delivered
13907,2315,2024-10-22,Delivered
13908,2542,2024-04-17,Delivered
13909,2139,2024-10-04,Delivered
13910,2917,2024-02-17,Delivered
13911,783,2024-01-23,Pending
13912,699,2024-03-15,Delivered
13913,849,2024-05-25,Delivered
13914,1991,2025-03-07,Delivered
13915,680,2024-06-29,Delivered
13916,253,2024-10-10,Delivered
13917,2931,2025-01-05,Delivered
13918,924,2025-02-11,Delivered
13919,643,2024-11-14,Delivered
13920,1072,2024-04-06,Delivered
13921,431,2024-12-27,Delivered
13922,95,2024-06-15,Delivered
13923,897,2024-11-18,Delivered
13924,1008,2025-06-20,Delivered
13925,2398,2024-02-09,Delivered
13926,1297,2024-02-16,Delivered
13927,2204,2024-05-16,Delivered
13928,2200,2024-08-27,Delivered
13929,2333,2024-09-18,Delivered
13930,2715,2024-06-10,Delivered
13931,1499,2025-05-06,Delivered
13932,294,2024-01-05,Cancelled
13933,103,2024-10-24,Cancelled
13934,537,2024-10-28,Delivered
13935,2453,2025-02-24,Cancelled
13936,1699,2024-10-27,Delivered
13937,380,2024-03-15,Delivered
13938,369,2024-06-23,Delivered
13939,2647,2024-04-04,Delivered
13940,1564,2024-09-14,Delivered
13941,485,2025-05-14,Delivered
13942,2667,2024-08-02,Cancelled
13943,2164,2024-07-18,Delivered
13944,1434,2024-09-10,Delivered
13945,1396,2024-03-31,Delivered
13946,1997,2025-04-08,Delivered
13947,1008,2024-12-29,Delivered
13948,3000,2025-01-24,Delivered
13949,2325,2024-07-09,Delivered
13950,1893,2024-06-02,Delivered
13951,2062,2024-09-15,Delivered
13952,2982,2024-05-10,Delivered
13953,21,2024-01-12,Delivered
13954,52,2025-01-30,Delivered
13955,2328,2025-04-14,Delivered
13956,601,2024-05-02,Delivered
13957,2058,2024-12-08,Delivered
13958,1515,2025-05-10,Delivered
13959,939,2025-02-08,Delivered
13960,673,2025-03-30,Cancelled
13961,2302,2025-05-01,Delivered
13962,480,2024-05-17,Pending
13963,434,2024-02-09,Delivered
13964,1320,2025-03-13,Delivered
13965,331,2025-03-07,Delivered
13966,1895,2024-04-14,Cancelled
13967,2967,2025-05-08,Cancelled
13968,2229,2024-01-14,Delivered
13969,1778,2024-07-24,Delivered
13970,1184,2025-06-08,Delivered
13971,2959,2024-07-11,Delivered
13972,2598,2025-02-19,Delivered
13973,2436,2024-01-21,Delivered
13974,672,2024-09-24,Delivered
13975,338,2025-03-02,Delivered
13976,508,2025-04-05,Pending
13977,750,2024-08-26,Delivered
13978,236,2024-02-11,Delivered
13979,2630,2024-10-17,Delivered
13980,534,2025-02-07,Delivered
13981,657,2024-09-03,Delivered
13982,2629,2025-06-06,Delivered
13983,2871,2024-06-20,Delivered
13984,641,2025-03-22,Delivered
13985,860,2025-02-16,Delivered
13986,2369,2024-08-23,Delivered
13987,2913,2024-02-23,Delivered
13988,1919,2024-07-08,Delivered
13989,1321,2025-02-22,Delivered
13990,2013,2025-05-02,Cancelled
13991,2311,2024-09-06,Delivered
13992,313,2024-06-08,Delivered
13993,1297,2025-02-21,Delivered
13994,2533,2025-05-26,Pending
13995,2119,2024-03-18,Delivered
13996,417,2024-06-23,Delivered
13997,2229,2025-03-09,Delivered
13998,1979,2024-03-09,Delivered
13999,768,2025-06-15,Delivered
14000,1022,2024-05-08,Delivered
14001,924,2024-09-22,Delivered
14002,2971,2024-10-10,Delivered
14003,527,2024-07-23,Delivered
14004,2453,2024-03-12,Cancelled
14005,1595,2024-01-17,Delivered
14006,2599,2024-07-26,Delivered
14007,2941,2024-05-27,Delivered
14008,2881,2025-05-09,Delivered
14009,2529,2024-12-28,Cancelled
14010,1248,2024-02-21,Delivered
14011,787,2025-02-16,Delivered
14012,941,2024-12-01,Delivered
14013,1930,2024-03-09,Pending
14014,1016,2024-08-08,Delivered
14015,1297,2025-02-06,Delivered
14016,229,2024-12-19,Delivered
14017,2275,2024-11-09,Delivered
14018,313,2024-09-24,Delivered
14019,1005,2025-01-12,Delivered
14020,1731,2025-04-23,Delivered
14021,1595,2024-04-03,Delivered
14022,2655,2024-08-07,Cancelled
14023,1949,2025-04-08,Delivered
14024,2333,2024-10-04,Delivered
14025,892,2024-04-06,Pending
14026,367,2024-03-12,Pending
14027,2223,2025-02-01,Delivered
14028,416,2024-09-24,Delivered
14029,2468,2025-03-07,Cancelled
14030,2815,2024-03-03,Delivered
14031,830,2024-11-27,Delivered
14032,2234,2024-11-14,Pending
14033,1304,2024-09-07,Delivered
14034,877,2024-08-21,Delivered
14035,1285,2024-05-28,Delivered
14036,1915,2025-03-03,Delivered
14037,2959,2024-06-29,Delivered
14038,879,2024-08-16,Delivered
14039,2119,2025-04-14,Delivered
14040,999,2024-12-10,Delivered
14041,736,2024-01-22,Delivered
14042,1857,2024-02-02,Delivered
14043,2235,2024-10-20,Delivered
14044,2151,2025-01-22,Delivered
14045,2810,2024-09-14,Delivered
14046,300,2025-06-06,Delivered
14047,1616,2025-04-09,Delivered
14048,847,2024-09-01,Delivered
14049,2421,2024-05-08,Delivered
14050,178,2024-01-06,Delivered
14051,502,2024-01-19,Delivered
14052,2280,2024-11-25,Cancelled
14053,1059,2024-07-01,Delivered
14054,2041,2024-03-20,Delivered
14055,2995,2024-02-10,Delivered
14056,1374,2024-09-12,Delivered
14057,1603,2024-11-15,Delivered
14058,2923,2024-01-18,Delivered
14059,2229,2024-08-16,Delivered
14060,563,2024-08-29,Delivered
14061,2376,2024-01-31,Delivered
14062,1553,2025-04-22,Delivered
14063,2330,2024-05-05,Delivered
14064,1753,2024-03-14,Delivered
14065,661,2024-03-14,Delivered
14066,2413,2024-09-29,Delivered
14067,2,2025-01-21,Pending
14068,2627,2024-05-18,Delivered
14069,2427,2025-02-22,Cancelled
14070,2911,2024-05-22,Cancelled
14071,94,2024-04-12,Delivered
14072,1306,2024-12-17,Delivered
14073,470,2025-02-26,Delivered
14074,1117,2025-02-12,Delivered
14075,1080,2024-10-31,Delivered
14076,1749,2025-04-21,Pending
14077,1305,2025-04-08,Delivered
14078,2898,2024-05-31,Delivered
14079,804,2024-12-08,Delivered
14080,1265,2024-02-08,Delivered
14081,2111,2024-02-13,Pending
14082,798,2024-08-29,Delivered
14083,2172,2025-01-19,Delivered
14084,2128,2024-11-15,Delivered
14085,2138,2024-03-30,Delivered
14086,2014,2025-02-07,Delivered
14087,2423,2024-11-27,Delivered
14088,2977,2025-02-16,Delivered
14089,152,2024-11-30,Delivered
14090,1492,2025-04-16,Delivered
14091,2407,2024-07-16,Delivered
14092,1,2024-01-18,Delivered
14093,1628,2024-11-22,Delivered
14094,1955,2025-06-19,Delivered
14095,554,2024-02-23,Delivered
14096,1207,2025-06-11,Delivered
14097,2333,2025-02-24,Delivered
14098,191,2024-01-20,Delivered
14099,373,2024-10-23,Delivered
14100,2427,2024-06-20,Delivered
14101,2390,2024-12-23,Delivered
14102,1731,2025-02-21,Delivered
14103,1258,2024-07-23,Cancelled
14104,294,2024-09-18,Delivered
14105,2399,2024-01-22,Delivered
14106,709,2024-01-03,Delivered
14107,2705,2025-02-18,Delivered
14108,2297,2024-07-12,Delivered
14109,235,2025-04-24,Delivered
14110,1865,2024-11-12,Delivered
14111,2719,2024-08-04,Delivered
14112,2598,2025-04-25,Pending
14113,1801,2024-02-01,Delivered
14114,485,2025-03-28,Delivered
14115,2034,2024-02-10,Delivered
14116,1973,2025-05-31,Delivered
14117,1725,2024-11-04,Delivered
14118,770,2024-09-12,Delivered
14119,2670,2024-12-23,Delivered
14120,1510,2025-03-11,Delivered
14121,872,2024-06-04,Delivered
14122,738,2024-02-25,Delivered
14123,822,2025-06-12,Delivered
14124,1376,2024-10-10,Cancelled
14125,673,2024-06-05,Delivered
14126,1557,2025-05-15,Delivered
14127,557,2024-01-22,Delivered
14128,787,2025-04-03,Cancelled
14129,331,2024-01-11,Delivered
14130,1069,2024-12-23,Delivered
14131,1224,2024-01-21,Delivered
14132,1218,2024-03-22,Pending
14133,2175,2024-06-27,Pending
14134,1454,2024-04-09,Delivered
14135,2082,2024-01-25,Delivered
14136,92,2025-01-05,Delivered
14137,1300,2025-02-19,Delivered
14138,255,2024-06-26,Delivered
14139,1383,2025-01-16,Pending
14140,1801,2024-06-28,Delivered
14141,2356,2024-04-27,Delivered
14142,1637,2025-04-07,Delivered
14143,1133,2024-10-13,Delivered
14144,768,2024-01-12,Delivered
14145,2866,2025-01-16,Delivered
14146,567,2024-08-02,Delivered
14147,113,2024-02-09,Delivered
14148,342,2024-05-10,Delivered
14149,2987,2024-06-23,Cancelled
14150,2689,2024-01-15,Cancelled
14151,945,2025-02-01,Delivered
14152,2,2024-04-28,Delivered
14153,2260,2024-03-26,Delivered
14154,882,2024-04-10,Delivered
14155,48,2025-01-25,Delivered
14156,1363,2024-10-02,Delivered
14157,1273,2025-03-20,Delivered
14158,1086,2024-08-25,Delivered
14159,1930,2025-01-07,Delivered
14160,2175,2024-09-14,Delivered
14161,1664,2024-11-19,Delivered
14162,31,2025-04-24,Delivered
14163,49,2024-12-01,Cancelled
14164,2604,2024-09-26,Delivered
14165,535,2025-04-17,Delivered
14166,1198,2024-12-14,Cancelled
14167,293,2025-05-24,Delivered
14168,670,2024-12-19,Delivered
14169,1458,2025-01-10,Delivered
14170,683,2024-10-09,Cancelled
14171,1951,2025-04-09,Cancelled
14172,1103,2024-06-15,Delivered
14173,2332,2024-10-24,Delivered
14174,1775,2025-05-08,Delivered
14175,738,2024-04-26,Delivered
14176,2383,2024-08-27,Delivered
14177,2762,2024-01-15,Delivered
14178,332,2024-11-07,Delivered
14179,1991,2024-07-08,Cancelled
14180,1856,2024-11-01,Delivered
14181,1991,2024-05-08,Delivered
14182,84,2025-03-27,Delivered
14183,66,2025-06-21,Delivered
14184,862,2024-10-18,Delivered
14185,232,2024-11-29,Delivered
14186,1100,2024-09-06,Delivered
14187,2582,2024-06-11,Cancelled
14188,1059,2024-09-08,Delivered
14189,1175,2024-09-26,Delivered
14190,778,2025-03-01,Pending
14191,1273,2025-01-11,Delivered
14192,2357,2024-06-29,Cancelled
14193,2457,2024-12-02,Delivered
14194,1270,2025-05-25,Delivered
14195,1193,2024-08-16,Pending
14196,561,2025-04-07,Delivered
14197,2925,2024-09-15,Cancelled
14198,915,2024-03-16,Delivered
14199,1021,2024-04-09,Delivered
14200,1281,2024-06-22,Delivered
14201,232,2024-11-13,Delivered
14202,973,2025-05-09,Delivered
14203,2758,2024-08-02,Delivered
14204,214,2024-05-31,Delivered
14205,705,2024-12-23,Delivered
14206,629,2024-06-22,Delivered
14207,683,2024-08-25,Delivered
14208,2847,2024-04-28,Delivered
14209,2128,2024-06-09,Delivered
14210,2719,2024-01-30,Delivered
14211,2535,2024-11-06,Delivered
14212,1837,2024-09-18,Delivered
14213,1666,2024-04-03,Delivered
14214,1533,2025-02-16,Delivered
14215,2071,2024-04-20,Delivered
14216,2112,2024-12-26,Delivered
14217,1759,2024-03-02,Delivered
14218,1339,2024-01-16,Delivered
14219,2017,2024-03-08,Delivered
14220,427,2024-10-12,Cancelled
14221,1642,2024-04-08,Delivered
14222,1564,2024-06-29,Delivered
14223,1605,2024-10-20,Delivered
14224,1535,2024-12-16,Cancelled
14225,2229,2025-03-04,Delivered
14226,2229,2024-08-09,Delivered
14227,978,2024-02-27,Delivered
14228,1046,2025-06-19,Cancelled
14229,33,2025-02-28,Delivered
14230,313,2025-03-28,Delivered
14231,758,2025-05-18,Delivered
14232,2254,2025-01-17,Delivered
14233,2357,2025-06-26,Delivered
14234,722,2024-10-08,Delivered
14235,2578,2024-11-01,Cancelled
14236,1123,2024-11-18,Delivered
14237,2357,2024-10-04,Delivered
14238,1402,2024-08-29,Pending
14239,2139,2024-06-29,Delivered
14240,1066,2025-03-09,Delivered
14241,195,2024-06-28,Delivered
14242,738,2025-05-10,Delivered
14243,2094,2025-02-13,Delivered
14244,2715,2025-06-29,Delivered
14245,1852,2024-12-18,Cancelled
14246,2265,2024-11-22,Delivered
14247,31,2024-07-01,Delivered
14248,2231,2025-01-07,Cancelled
14249,2473,2024-11-12,Cancelled
14250,1247,2024-08-06,Pending
14251,1489,2024-02-06,Cancelled
14252,143,2024-01-05,Delivered
14253,494,2024-05-06,Delivered
14254,156,2025-01-18,Delivered
14255,2186,2025-05-16,Delivered
14256,2369,2025-05-24,Delivered
14257,307,2024-10-13,Delivered
14258,2726,2025-04-14,Delivered
14259,2490,2024-01-03,Delivered
14260,1702,2025-04-24,Delivered
14261,2932,2025-06-10,Delivered
14262,2607,2024-08-07,Delivered
14263,644,2024-01-25,Delivered
14264,2845,2025-01-24,Delivered
14265,1321,2024-01-08,Delivered
14266,424,2024-12-14,Delivered
14267,574,2024-06-24,Delivered
14268,2053,2024-10-22,Delivered
14269,2957,2025-05-17,Pending
14270,1330,2024-03-23,Delivered
14271,1695,2024-01-19,Cancelled
14272,880,2024-11-10,Delivered
14273,2512,2025-01-15,Delivered
14274,317,2024-06-12,Cancelled
14275,1711,2024-03-30,Delivered
14276,1717,2025-01-19,Delivered
14277,2,2025-01-11,Delivered
14278,2799,2025-05-30,Delivered
14279,2923,2025-04-16,Delivered
14280,1405,2025-02-01,Delivered
14281,2175,2024-01-11,Delivered
14282,2515,2024-05-21,Delivered
14283,321,2024-12-23,Delivered
14284,246,2024-09-11,Cancelled
14285,2071,2024-01-29,Delivered
14286,1664,2024-11-04,Delivered
14287,2028,2025-02-18,Delivered
14288,1694,2025-01-31,Pending
14289,2178,2025-05-18,Delivered
14290,424,2024-03-21,Delivered
14291,624,2025-06-05,Pending
14292,687,2024-10-13,Delivered
14293,1258,2024-06-15,Delivered
14294,2230,2025-04-14,Delivered
14295,2457,2024-02-26,Delivered
14296,1209,2024-01-16,Delivered
14297,1775,2025-02-02,Delivered
14298,864,2025-02-01,Pending
14299,1428,2024-02-19,Pending
14300,2801,2025-04-25,Delivered
14301,784,2025-04-03,Delivered
14302,2331,2025-03-10,Delivered
14303,113,2024-08-01,Cancelled
14304,1023,2025-05-23,Delivered
14305,1950,2024-03-12,Delivered
14306,2297,2025-03-03,Pending
14307,1738,2025-04-04,Cancelled
14308,2577,2024-10-09,Delivered
14309,2436,2024-07-07,Delivered
14310,1805,2024-09-17,Cancelled
14311,1035,2024-01-27,Delivered
14312,1094,2024-01-18,Cancelled
14313,1801,2024-07-03,Delivered
14314,1941,2024-01-11,Delivered
14315,1184,2024-12-12,Pending
14316,1196,2024-12-15,Pending
14317,505,2025-04-11,Delivered
14318,2,2024-05-30,Cancelled
14319,1380,2025-03-20,Delivered
14320,2457,2024-06-16,Cancelled
14321,2256,2024-10-23,Delivered
14322,2973,2025-03-16,Pending
14323,1989,2024-07-13,Delivered
14324,681,2024-03-01,Delivered
14325,2022,2025-03-21,Delivered
14326,2453,2024-06-03,Delivered
14327,1893,2024-04-28,Delivered
14328,1453,2025-01-09,Delivered
14329,1810,2024-10-18,Cancelled
14330,61,2024-01-17,Delivered
14331,769,2025-05-14,Delivered
14332,429,2024-10-10,Delivered
14333,1247,2024-05-27,Delivered
14334,2653,2024-02-16,Delivered
14335,538,2025-01-09,Delivered
14336,197,2025-02-19,Delivered
14337,2303,2025-02-12,Delivered
14338,2567,2024-12-12,Delivered
14339,1595,2025-04-23,Delivered
14340,1125,2024-11-28,Delivered
14341,1284,2024-05-12,Delivered
14342,1950,2024-04-30,Delivered
14343,2457,2024-07-28,Delivered
14344,544,2025-01-30,Pending
14345,2675,2024-01-13,Delivered
14346,1942,2024-06-13,Delivered
14347,2209,2024-08-24,Delivered
14348,251,2024-11-07,Delivered
14349,2715,2024-03-21,Delivered
14350,1587,2024-02-20,Delivered
14351,1088,2025-05-11,Delivered
14352,1202,2024-02-22,Delivered
14353,859,2024-02-13,Delivered
14354,456,2024-04-15,Delivered
14355,93,2024-07-06,Delivered
14356,768,2024-04-27,Delivered
14357,1491,2025-03-20,Delivered
14358,1977,2024-03-10,Delivered
14359,2191,2024-03-16,Delivered
14360,1745,2024-03-05,Delivered
14361,319,2024-12-22,Delivered
14362,1286,2025-04-24,Delivered
14363,1979,2024-03-29,Delivered
14364,2221,2024-10-29,Delivered
14365,962,2024-07-22,Delivered
14366,2749,2024-12-05,Pending
14367,2352,2024-12-20,Delivered
14368,2523,2024-06-06,Delivered
14369,1977,2024-11-26,Delivered
14370,1249,2024-01-31,Cancelled
14371,2767,2024-09-22,Delivered
14372,2673,2025-06-12,Delivered
14373,2453,2025-05-05,Delivered
14374,2647,2024-01-30,Cancelled
14375,2715,2024-02-01,Delivered
14376,2229,2025-03-25,Delivered
14377,575,2024-04-24,Delivered
14378,1614,2024-12-29,Delivered
14379,1801,2024-10-23,Delivered
14380,2281,2024-08-10,Delivered
14381,1491,2024-06-17,Delivered
14382,1544,2025-02-11,Delivered
14383,2979,2024-05-20,Delivered
14384,1349,2025-02-21,Cancelled
14385,360,2024-05-07,Delivered
14386,2131,2025-04-24,Delivered
14387,1089,2025-01-17,Delivered
14388,724,2024-10-24,Delivered
14389,1852,2024-02-24,Delivered
14390,2846,2024-04-26,Delivered
14391,917,2024-12-11,Delivered
14392,1112,2024-11-08,Pending
14393,1397,2024-02-26,Delivered
14394,2065,2024-02-24,Delivered
14395,1190,2024-11-27,Cancelled
14396,1273,2024-07-24,Delivered
14397,2111,2024-09-15,Delivered
14398,2949,2024-11-29,Delivered
14399,930,2025-04-08,Delivered
14400,1716,2024-05-17,Delivered
14401,2352,2025-01-13,Delivered
14402,610,2025-04-17,Delivered
14403,2427,2025-05-13,Delivered
14404,1059,2025-06-16,Delivered
14405,313,2024-01-03,Delivered
14406,57,2024-02-11,Delivered
14407,92,2025-04-19,Delivered
14408,2357,2024-04-22,Delivered
14409,2013,2024-06-07,Pending
14410,2348,2024-09-15,Delivered
14411,2229,2024-12-24,Pending
14412,1138,2024-01-21,Pending
14413,2766,2024-12-20,Delivered
14414,2598,2024-02-20,Cancelled
14415,1036,2024-07-21,Delivered
14416,2281,2025-05-06,Delivered
14417,2433,2024-03-09,Delivered
14418,1466,2024-01-25,Delivered
14419,333,2024-09-16,Delivered
14420,997,2024-05-15,Delivered
14421,2961,2024-05-14,Delivered
14422,2148,2024-08-19,Delivered
14423,2291,2024-04-03,Cancelled
14424,2701,2024-01-12,Delivered
14425,588,2025-05-20,Delivered
14426,2906,2025-03-18,Delivered
14427,1559,2024-08-12,Delivered
14428,2224,2025-03-29,Pending
14429,935,2025-06-27,Delivered
14430,977,2024-08-03,Delivered
14431,1080,2024-03-26,Delivered
14432,1034,2024-04-20,Delivered
14433,178,2025-06-08,Delivered
14434,910,2025-05-02,Delivered
14435,1916,2025-01-17,Delivered
14436,2675,2025-01-05,Delivered
14437,110,2024-06-16,Cancelled
14438,33,2024-10-13,Delivered
14439,1738,2024-07-20,Delivered
14440,2101,2024-08-02,Delivered
14441,1791,2025-01-31,Delivered
14442,2919,2024-10-21,Delivered
14443,668,2024-08-21,Delivered
14444,1453,2024-05-16,Delivered
14445,2713,2024-12-23,Delivered
14446,1805,2024-09-02,Delivered
14447,1702,2024-01-28,Delivered
14448,2766,2025-01-09,Delivered
14449,1010,2024-07-01,Cancelled
14450,428,2024-08-12,Pending
14451,357,2025-06-23,Delivered
14452,2441,2025-01-08,Delivered
14453,2533,2024-02-06,Cancelled
14454,681,2025-02-07,Delivered
14455,1366,2024-06-08,Delivered
14456,1716,2025-02-15,Delivered
14457,379,2024-07-09,Delivered
14458,2515,2024-11-06,Cancelled
14459,1265,2025-01-14,Delivered
14460,2554,2024-04-10,Delivered
14461,2231,2024-03-15,Delivered
14462,863,2025-01-17,Delivered
14463,2150,2024-02-09,Delivered
14464,2213,2025-03-23,Delivered
14465,915,2024-08-24,Cancelled
14466,738,2024-02-21,Delivered
14467,2449,2025-02-21,Delivered
14468,2023,2025-05-04,Delivered
14469,2213,2024-02-06,Delivered
14470,919,2025-05-28,Delivered
14471,2166,2024-08-14,Delivered
14472,2146,2024-12-30,Delivered
14473,989,2024-05-25,Delivered
14474,787,2024-03-01,Delivered
14475,1286,2025-06-22,Pending
14476,2213,2024-12-22,Delivered
14477,560,2024-05-19,Delivered
14478,2586,2024-07-13,Delivered
14479,738,2025-02-17,Delivered
14480,2490,2024-06-14,Delivered
14481,424,2025-01-10,Cancelled
14482,2213,2024-01-21,Delivered
14483,1668,2025-06-22,Delivered
14484,1959,2025-01-30,Delivered
14485,2922,2024-07-02,Delivered
14486,143,2024-11-05,Delivered
14487,400,2024-04-04,Delivered
14488,226,2024-09-03,Delivered
14489,1564,2024-07-11,Delivered
14490,2375,2024-07-31,Delivered
14491,150,2025-03-20,Delivered
14492,2308,2024-08-12,Delivered
14493,1294,2024-01-04,Delivered
14494,2806,2024-09-04,Delivered
14495,1143,2024-01-29,Cancelled
14496,2947,2024-09-17,Delivered
14497,1659,2025-01-05,Delivered
14498,2964,2024-02-23,Delivered
14499,1857,2024-02-04,Delivered
14500,1029,2024-07-26,Pending
14501,2375,2024-09-20,Delivered
14502,1461,2024-02-04,Delivered
14503,907,2024-06-26,Delivered
14504,1436,2025-02-27,Delivered
14505,2582,2024-11-07,Delivered
14506,2189,2024-10-12,Delivered
14507,491,2024-02-27,Delivered
14508,2484,2025-03-12,Delivered
14509,1286,2024-11-19,Delivered
14510,242,2024-08-22,Cancelled
14511,398,2024-12-01,Delivered
14512,190,2024-03-24,Delivered
14513,2019,2025-01-04,Delivered
14514,750,2024-06-12,Delivered
14515,271,2024-01-23,Delivered
14516,1099,2024-05-07,Delivered
14517,2565,2024-07-18,Pending
14518,1852,2024-08-28,Delivered
14519,1461,2024-05-04,Delivered
14520,2190,2025-03-06,Delivered
14521,217,2024-05-24,Cancelled
14522,2607,2024-03-04,Delivered
14523,508,2024-05-01,Delivered
14524,46,2024-08-06,Delivered
14525,1088,2024-01-25,Delivered
14526,164,2024-02-20,Delivered
14527,465,2024-03-26,Delivered
14528,2213,2024-08-01,Delivered
14529,1221,2025-06-03,Cancelled
14530,12,2024-11-14,Delivered
14531,1903,2024-02-14,Delivered
14532,2122,2024-02-07,Delivered
14533,2675,2024-02-26,Delivered
14534,422,2024-02-06,Delivered
14535,2533,2024-10-02,Delivered
14536,2128,2025-02-02,Delivered
14537,1673,2024-08-25,Cancelled
14538,758,2024-08-10,Delivered
14539,1373,2024-11-20,Delivered
14540,567,2024-07-10,Delivered
14541,2153,2025-03-17,Pending
14542,2119,2025-01-09,Delivered
14543,554,2025-06-20,Delivered
14544,738,2024-02-16,Cancelled
14545,2672,2024-08-24,Delivered
14546,1415,2025-04-14,Delivered
14547,1640,2025-01-02,Delivered
14548,2872,2025-02-27,Delivered
14549,597,2024-09-12,Delivered
14550,1849,2024-07-31,Delivered
14551,2285,2025-02-15,Delivered
14552,941,2024-09-12,Pending
14553,907,2024-08-10,Delivered
14554,2667,2024-08-05,Delivered
14555,283,2024-03-08,Delivered
14556,428,2025-03-04,Delivered
14557,1240,2025-04-09,Delivered
14558,2359,2024-01-16,Delivered
14559,1359,2024-08-07,Delivered
14560,787,2025-01-01,Pending
14561,1267,2024-03-22,Cancelled
14562,1330,2024-06-14,Delivered
14563,2179,2025-06-09,Delivered
14564,2572,2025-03-01,Delivered
14565,949,2025-04-23,Delivered
14566,2128,2025-06-21,Delivered
14567,2111,2025-01-07,Delivered
14568,2258,2024-06-01,Cancelled
14569,1702,2025-06-04,Delivered
14570,31,2024-08-31,Delivered
14571,1939,2024-10-21,Pending
14572,1801,2024-10-25,Delivered
14573,1799,2024-10-26,Delivered
14574,822,2024-10-27,Cancelled
14575,274,2025-02-28,Pending
14576,544,2024-03-26,Delivered
14577,625,2024-08-28,Delivered
14578,490,2024-11-14,Delivered
14579,716,2024-10-31,Cancelled
14580,192,2025-01-30,Cancelled
14581,784,2024-07-01,Delivered
14582,2990,2025-05-30,Delivered
14583,1537,2024-01-09,Delivered
14584,1023,2025-01-31,Delivered
14585,2163,2024-04-02,Delivered
14586,1411,2024-11-25,Delivered
14587,77,2024-01-13,Delivered
14588,1634,2024-05-07,Delivered
14589,893,2024-08-01,Cancelled
14590,1693,2024-02-23,Delivered
14591,489,2024-06-28,Pending
14592,1453,2024-12-12,Delivered
14593,560,2024-03-29,Pending
14594,877,2024-12-07,Delivered
14595,2062,2024-09-12,Delivered
14596,662,2025-04-03,Delivered
14597,1259,2024-12-14,Delivered
14598,208,2024-08-31,Delivered
14599,2062,2025-03-26,Delivered
14600,1614,2024-04-03,Delivered
14601,2411,2024-11-05,Cancelled
14602,1605,2024-05-02,Delivered
14603,2974,2024-09-03,Delivered
14604,709,2024-09-17,Delivered
14605,2216,2024-11-22,Delivered
14606,1291,2024-06-19,Delivered
14607,1125,2024-12-27,Delivered
14608,2187,2024-04-08,Delivered
14609,2856,2024-04-01,Delivered
14610,2229,2024-02-28,Delivered
14611,980,2024-09-19,Delivered
14612,1533,2024-08-13,Delivered
14613,628,2025-03-26,Delivered
14614,1817,2024-07-03,Delivered
14615,1216,2024-11-13,Cancelled
14616,664,2025-06-11,Delivered
14617,43,2024-12-02,Delivered
14618,2743,2025-04-12,Delivered
14619,226,2024-10-05,Delivered
14620,977,2024-04-10,Delivered
14621,547,2024-09-02,Delivered
14622,1489,2025-02-15,Delivered
14623,561,2024-03-04,Cancelled
14624,2201,2024-09-19,Delivered
14625,650,2024-10-09,Delivered
14626,535,2025-05-20,Cancelled
14627,627,2025-06-17,Delivered
14628,873,2024-11-28,Delivered
14629,1898,2024-04-25,Delivered
14630,602,2024-04-21,Delivered
14631,2092,2024-11-22,Delivered
14632,1283,2024-04-16,Delivered
14633,564,2025-01-02,Delivered
14634,703,2025-06-12,Delivered
14635,1585,2024-04-12,Delivered
14636,1128,2025-05-16,Cancelled
14637,1546,2024-01-22,Delivered
14638,2403,2024-09-20,Delivered
14639,118,2024-07-29,Delivered
14640,1178,2024-11-03,Delivered
14641,1255,2024-09-20,Delivered
14642,735,2024-10-25,Cancelled
14643,1320,2024-03-06,Delivered
14644,1675,2025-02-20,Delivered
14645,1716,2025-05-30,Cancelled
14646,1991,2024-09-16,Delivered
14647,219,2025-04-12,Cancelled
14648,1374,2024-03-07,Delivered
14649,2229,2025-02-03,Delivered
14650,1359,2024-06-26,Delivered
14651,1941,2024-12-31,Delivered
14652,1731,2024-11-06,Cancelled
14653,1394,2024-01-25,Delivered
14654,226,2024-07-10,Delivered
14655,1861,2024-08-25,Delivered
14656,1604,2025-03-20,Delivered
14657,9,2024-03-01,Pending
14658,597,2025-06-01,Delivered
14659,177,2024-01-27,Delivered
14660,1689,2024-05-12,Delivered
14661,31,2024-03-18,Delivered
14662,2502,2025-04-30,Delivered
14663,2830,2024-11-05,Delivered
14664,2925,2025-01-25,Delivered
14665,657,2025-01-10,Delivered
14666,1491,2024-11-16,Delivered
14667,2647,2024-06-12,Delivered
14668,2062,2024-03-12,Delivered
14669,877,2024-08-26,Delivered
14670,2467,2024-08-12,Delivered
14671,1697,2024-08-26,Delivered
14672,2183,2025-06-27,Cancelled
14673,2910,2024-03-11,Cancelled
14674,2987,2024-12-19,Delivered
14675,1518,2024-03-26,Delivered
14676,426,2024-11-19,Delivered
14677,1813,2025-01-04,Delivered
14678,1903,2024-01-20,Delivered
14679,1695,2024-09-08,Delivered
14680,1273,2024-06-24,Delivered
14681,1709,2024-09-23,Delivered
14682,1604,2024-09-23,Delivered
14683,2819,2024-09-14,Delivered
14684,2483,2024-12-16,Delivered
14685,1179,2024-04-19,Delivered
14686,1693,2025-04-12,Delivered
14687,1674,2025-04-04,Delivered
14688,1535,2024-09-07,Delivered
14689,163,2025-05-10,Delivered
14690,2138,2024-05-29,Delivered
14691,2186,2024-04-22,Delivered
14692,1454,2024-06-02,Delivered
14693,2675,2025-03-02,Delivered
14694,2945,2024-03-16,Cancelled
14695,2406,2024-06-15,Delivered
14696,2749,2024-03-20,Delivered
14697,1463,2024-08-30,Cancelled
14698,2709,2024-06-15,Delivered
14699,2772,2025-03-22,Delivered
14700,1833,2025-02-22,Delivered
14701,404,2025-04-28,Delivered
14702,411,2024-08-13,Delivered
14703,1419,2024-10-17,Delivered
14704,2200,2025-04-14,Delivered
14705,1504,2025-01-24,Delivered
14706,2369,2025-06-02,Delivered
14707,2273,2025-06-19,Pending
14708,591,2024-02-11,Delivered
14709,369,2024-05-08,Delivered
14710,2119,2025-01-23,Delivered
14711,945,2024-02-23,Delivered
14712,2760,2024-02-16,Delivered
14713,2570,2024-03-16,Delivered
14714,1344,2024-02-09,Pending
14715,1708,2024-12-29,Delivered
14716,2513,2024-05-30,Pending
14717,2581,2025-05-29,Delivered
14718,1660,2024-02-25,Delivered
14719,2918,2024-09-06,Pending
14720,1566,2024-12-27,Cancelled
14721,106,2024-07-15,Delivered
14722,1671,2025-01-26,Delivered
14723,2303,2025-04-03,Delivered
14724,2948,2024-12-15,Delivered
14725,294,2024-11-27,Cancelled
14726,1314,2024-11-10,Delivered
14727,1719,2025-06-26,Delivered
14728,2602,2025-03-02,Delivered
14729,2148,2024-02-02,Delivered
14730,673,2025-02-25,Delivered
14731,2541,2024-03-31,Delivered
14732,1965,2025-04-20,Delivered
14733,2663,2024-06-26,Delivered
14734,2469,2025-01-13,Delivered
14735,357,2025-02-07,Delivered
14736,2879,2024-07-13,Delivered
14737,1356,2025-06-10,Delivered
14738,2943,2024-10-13,Delivered
14739,537,2024-08-18,Cancelled
14740,2348,2024-09-24,Delivered
14741,895,2024-06-17,Delivered
14742,118,2024-02-28,Delivered
14743,2973,2025-06-19,Delivered
14744,892,2025-03-19,Delivered
14745,233,2025-03-20,Delivered
14746,2542,2025-05-13,Pending
14747,1290,2024-11-30,Delivered
14748,1702,2025-06-21,Delivered
14749,2948,2025-06-21,Delivered
14750,1450,2024-05-15,Delivered
14751,191,2024-08-28,Delivered
14752,2075,2024-02-22,Cancelled
14753,2134,2025-01-18,Pending
14754,560,2024-03-01,Delivered
14755,1630,2025-02-20,Pending
14756,1104,2025-03-15,Delivered
14757,137,2024-08-12,Delivered
14758,916,2024-12-10,Pending
14759,2693,2025-06-02,Pending
14760,880,2025-02-16,Delivered
14761,645,2024-08-28,Delivered
14762,2801,2025-05-09,Delivered
14763,1140,2024-01-22,Delivered
14764,2799,2024-05-03,Delivered
14765,2598,2024-06-27,Delivered
14766,1412,2024-07-17,Delivered
14767,1148,2025-01-02,Delivered
14768,376,2025-03-08,Delivered
14769,549,2024-01-30,Delivered
14770,679,2024-05-21,Delivered
14771,1412,2025-03-22,Cancelled
14772,1112,2024-10-03,Delivered
14773,2369,2024-06-18,Delivered
14774,870,2024-08-30,Delivered
14775,1273,2024-11-26,Delivered
14776,335,2024-11-21,Delivered
14777,787,2025-03-28,Delivered
14778,2317,2025-06-23,Delivered
14779,2122,2025-03-17,Delivered
14780,1213,2024-02-26,Delivered
14781,1702,2024-08-18,Delivered
14782,1373,2024-09-21,Pending
14783,2663,2024-12-09,Cancelled
14784,1184,2025-06-07,Delivered
14785,2166,2024-09-01,Delivered
14786,630,2024-07-08,Delivered
14787,1296,2025-05-06,Delivered
14788,1592,2025-02-08,Delivered
14789,294,2024-09-07,Delivered
14790,1720,2025-05-22,Delivered
14791,1702,2024-06-14,Cancelled
14792,434,2024-05-11,Delivered
14793,2995,2024-01-12,Delivered
14794,263,2024-02-14,Delivered
14795,2663,2025-04-17,Delivered
14796,1480,2024-02-11,Delivered
14797,644,2025-02-21,Delivered
14798,313,2024-02-09,Delivered
14799,2101,2024-05-05,Delivered
14800,2229,2024-07-10,Pending
14801,2003,2024-04-27,Delivered
14802,1266,2024-03-09,Delivered
14803,486,2025-06-23,Delivered
14804,2333,2024-08-09,Cancelled
14805,2580,2024-08-19,Delivered
14806,1172,2025-02-15,Delivered
14807,2496,2025-05-14,Delivered
14808,1865,2024-06-11,Delivered
14809,1583,2024-09-04,Cancelled
14810,1798,2024-09-18,Delivered
14811,302,2024-05-22,Delivered
14812,341,2024-03-10,Delivered
14813,2179,2025-05-17,Delivered
14814,2911,2025-01-16,Cancelled
14815,1529,2025-01-05,Delivered
14816,148,2024-06-22,Cancelled
14817,192,2024-12-26,Delivered
14818,1404,2024-03-14,Delivered
14819,1945,2024-03-05,Delivered
14820,424,2025-06-05,Delivered
14821,92,2024-05-04,Delivered
14822,2182,2025-02-24,Pending
14823,397,2024-05-31,Delivered
14824,1308,2024-12-22,Cancelled
14825,2196,2024-11-30,Delivered
14826,341,2025-01-29,Delivered
14827,1321,2025-06-04,Cancelled
14828,313,2024-08-20,Delivered
14829,1032,2025-04-17,Delivered
14830,2702,2024-06-11,Delivered
14831,2059,2025-06-10,Delivered
14832,54,2024-09-29,Delivered
14833,370,2025-04-05,Delivered
14834,860,2025-03-26,Delivered
14835,2664,2024-12-12,Delivered
14836,2229,2025-06-10,Delivered
14837,1805,2025-01-03,Delivered
14838,411,2024-11-26,Delivered
14839,2750,2024-05-18,Delivered
14840,2382,2024-07-24,Delivered
14841,700,2024-01-04,Delivered
14842,1220,2025-01-27,Delivered
14843,1279,2024-11-27,Delivered
14844,1721,2025-01-15,Pending
14845,1119,2024-12-09,Delivered
14846,603,2024-05-15,Cancelled
14847,1977,2025-06-29,Cancelled
14848,2022,2024-08-25,Delivered
14849,1321,2025-01-16,Delivered
14850,1461,2024-03-14,Delivered
14851,137,2024-11-21,Delivered
14852,1361,2024-08-07,Delivered
14853,2369,2025-05-21,Delivered
14854,1737,2025-02-20,Delivered
14855,2720,2025-05-25,Cancelled
14856,2150,2024-06-20,Delivered
14857,2303,2024-12-26,Delivered
14858,1373,2024-12-11,Pending
14859,490,2024-05-17,Delivered
14860,2702,2024-06-27,Delivered
14861,1951,2025-01-03,Delivered
14862,2693,2024-03-21,Pending
14863,1805,2024-08-06,Cancelled
14864,1357,2025-02-08,Delivered
14865,371,2025-04-04,Pending
14866,1196,2024-11-17,Delivered
14867,1749,2024-12-31,Delivered
14868,2758,2025-03-26,Delivered
14869,2453,2024-05-06,Delivered
14870,1546,2025-01-05,Delivered
14871,1336,2025-02-05,Delivered
14872,92,2025-03-22,Delivered
14873,1048,2024-11-28,Delivered
14874,2941,2024-03-25,Pending
14875,2213,2024-01-28,Delivered
14876,1579,2024-12-01,Delivered
14877,2545,2024-05-31,Delivered
14878,54,2024-07-19,Delivered
14879,2867,2024-09-09,Delivered
14880,2101,2025-02-11,Delivered
14881,31,2024-07-12,Pending
14882,2119,2024-11-12,Delivered
14883,242,2024-09-28,Delivered
14884,1891,2024-01-30,Delivered
14885,884,2025-01-12,Delivered
14886,610,2024-10-18,Delivered
14887,1851,2024-04-30,Delivered
14888,1295,2025-02-10,Cancelled
14889,182,2024-02-24,Delivered
14890,2444,2024-05-23,Delivered
14891,771,2024-05-10,Delivered
14892,1809,2024-12-23,Delivered
14893,1798,2025-06-24,Delivered
14894,153,2025-04-04,Delivered
14895,2986,2024-03-16,Delivered
14896,1335,2024-02-05,Delivered
14897,595,2025-03-06,Delivered
14898,1302,2024-11-11,Delivered
14899,1777,2024-07-14,Delivered
14900,2,2025-04-29,Delivered
14901,879,2024-04-07,Delivered
14902,1609,2024-03-10,Delivered
14903,2086,2024-09-29,Delivered
14904,919,2024-05-27,Delivered
14905,1219,2024-05-06,Cancelled
14906,638,2024-12-07,Delivered
14907,859,2024-06-15,Delivered
14908,2062,2024-11-15,Delivered
14909,1005,2024-11-05,Delivered
14910,814,2025-03-09,Delivered
14911,876,2025-06-16,Delivered
14912,1801,2024-12-09,Delivered
14913,1668,2024-06-05,Delivered
14914,1225,2024-11-10,Delivered
14915,1857,2024-09-20,Delivered
14916,1901,2024-09-03,Delivered
14917,30,2024-07-07,Delivered
14918,1010,2024-02-12,Delivered
14919,716,2024-05-14,Delivered
14920,2453,2024-11-18,Delivered
14921,796,2024-02-08,Delivered
14922,932,2024-03-26,Cancelled
14923,1613,2024-11-07,Delivered
14924,1634,2025-06-27,Delivered
14925,2397,2024-04-01,Delivered
14926,1161,2024-02-12,Delivered
14927,822,2024-07-09,Delivered
14928,1791,2024-02-11,Delivered
14929,2180,2025-05-04,Delivered
14930,2969,2025-03-05,Delivered
14931,1810,2024-03-04,Delivered
14932,1477,2024-02-25,Delivered
14933,369,2024-10-22,Pending
14934,2953,2024-08-09,Delivered
14935,2057,2025-01-13,Cancelled
14936,465,2025-05-21,Delivered
14937,1373,2024-07-01,Delivered
14938,1666,2025-03-06,Delivered
14939,627,2024-06-30,Cancelled
14940,2190,2024-05-07,Delivered
14941,1923,2025-06-13,Delivered
14942,681,2024-05-17,Delivered
14943,2963,2024-03-19,Delivered
14944,2833,2024-11-19,Delivered
14945,769,2024-11-21,Delivered
14946,1319,2024-09-22,Delivered
14947,2663,2024-02-17,Delivered
14948,1224,2024-03-04,Delivered
14949,2850,2025-02-17,Delivered
14950,575,2024-03-27,Delivered
14951,2172,2024-05-30,Delivered
14952,1759,2025-03-14,Delivered
14953,1029,2024-07-03,Cancelled
14954,2154,2024-07-07,Delivered
14955,54,2025-05-15,Cancelled
14956,673,2025-03-12,Cancelled
14957,758,2025-01-21,Delivered
14958,323,2024-04-13,Delivered
14959,92,2024-06-04,Delivered
14960,1053,2024-11-23,Pending
14961,629,2025-04-02,Delivered
14962,369,2024-10-02,Cancelled
14963,428,2025-02-10,Delivered
14964,2451,2024-06-27,Delivered
14965,269,2024-07-18,Cancelled
14966,2175,2024-11-28,Delivered
14967,148,2024-11-05,Delivered
14968,105,2024-03-08,Delivered
14969,1321,2024-07-31,Delivered
14970,1138,2025-04-12,Pending
14971,1631,2024-10-18,Delivered
14972,2116,2025-02-09,Delivered
14973,911,2025-03-27,Cancelled
14974,560,2024-06-05,Delivered
14975,2443,2024-05-08,Pending
14976,465,2024-11-12,Pending
14977,2359,2024-09-18,Delivered
14978,1720,2025-05-07,Delivered
14979,844,2024-04-09,Delivered
14980,924,2024-08-18,Delivered
14981,1106,2024-01-27,Delivered
14982,1735,2024-07-17,Delivered
14983,2938,2024-11-16,Delivered
14984,935,2025-03-12,Delivered
14985,2808,2025-04-05,Delivered
14986,595,2024-01-01,Delivered
14987,313,2025-04-21,Delivered
14988,1598,2025-01-09,Delivered
14989,2929,2024-04-20,Delivered
14990,1458,2024-04-27,Cancelled
14991,2369,2025-02-28,Delivered
14992,1421,2025-01-14,Cancelled
14993,2522,2024-04-22,Delivered
14994,2405,2024-08-27,Cancelled
14995,2059,2025-04-13,Delivered
14996,1801,2024-01-12,Delivered
14997,1559,2024-10-06,Delivered
14998,2861,2025-04-22,Delivered
14999,1660,2024-01-03,Cancelled
15000,1005,2024-10-25,Delivered
